"cz_2010.2013_wpca.Xe.values"
160103.108426352
14131.825145739
10027.0956866799
6139.23569919526
3153.03903125864
2439.18561435551
2223.51197010244
2078.1330895993
1981.53904068324
1924.11622408227
1761.15931431044
1735.34863708874
1659.17680917837
1616.32883333624
1548.54856654467
1518.57813782511
1458.77880858932
1437.59008860535
1393.2441453327
1375.74920322775
1352.57264695994
1329.91709193142
1282.39226485844
1261.41359042034
1231.13105635457
1183.71014853256
1174.09212138548
1167.7867532695
1164.25207754895
1127.7344407269
1111.64975504793
1100.40050375054
1089.09406437152
1078.97862138304
1059.7707259207
1055.30393806766
1038.0366925707
1026.56852791909
1020.18763304697
1011.83585341982
1000.92599451271
991.864263606153
978.614643669376
965.621713259656
958.483167882043
950.517322082488
941.872385664024
934.841523090818
918.958015839878
906.320871431668
895.652136182482
894.041368742889
888.628740961816
870.953470685897
864.596220224834
858.994373610563
850.231474702911
835.858818088107
826.8623837536
822.440408742303
817.309586614133
805.85378610028
803.331376651467
791.924603863491
787.296899539892
779.345316468529
774.400989776299
768.217531807992
756.147352460322
753.320380614415
744.446497431822
737.397004837462
735.477719808336
723.911019334214
720.104158130723
718.074139549635
710.393933569861
704.491686159873
703.634930450175
690.118376752435
685.719252480426
681.173054901718
676.789650001737
672.169023514164
659.288746455683
654.540675700262
654.289718728254
650.342040123304
641.087018055758
637.638946621659
634.525345634275
624.141686056461
619.728480379336
613.129995787049
609.832457039561
601.33197437252
596.467237645908
592.177819236203
587.629342393377
579.433325391029
577.435979106764
571.767491083311
566.181377531321
561.745262483145
561.654529769697
550.24646274347
545.695689125906
541.777736586258
541.641963723504
534.203263766605
529.306048005247
525.314082772959
521.991869407679
517.144417082703
511.525225558712
506.191751616876
501.327034656234
497.144073610103
493.926108213139
490.593964574011
487.394427376531
483.79735448229
476.94830142022
472.628292213776
469.403435878757
465.667658771099
462.105115545413
459.896668629838
455.558621888016
448.78579139355
446.422217230717
445.354611603318
437.537706137673
436.605819412312
430.250104213365
426.983882642546
420.173952364121
417.955134595633
411.494989726616
408.63224306952
401.692701702587
401.054921572746
400.317366582546
391.845935758701
387.569401823254
384.967333227925
383.058295422273
377.069342650487
374.176235775826
371.739934121399
369.225232299324
363.996885173415
362.517019202343
358.232619950918
356.489250577148
350.781260122293
345.150126457348
343.661754665081
338.269105881261
336.516029787918
326.750132227829
322.586304734811
320.155007223139
314.92698244859
312.574422862754
306.916903096908
305.165305553578
299.397594862742
297.917769911655
290.866415170527
289.351783183812
284.554305498951
280.374563112531
278.98549243443
273.208173389578
270.318204964609
268.22365111351
264.264435373324
260.863537314085
257.963801004022
248.837003330865
246.623349489176
245.130934714631
241.666216391872
236.317160894399
230.622548280106
228.853548220777
227.21713404798
217.096131973055
211.134554861781
208.309659383854
204.456804091946
202.842927149743
197.30995484099
188.042347532383
179.18181010442
169.890147582806
157.832464860777
146.643331608277
143.816841667353
129.84279752716
106.83680777756
102.183411957438
89.6461608920054
81.7183168895956
72.1344292794704
52.6118933571864
43.3343270328508
30.4921273280523
27.6434337464327
15.3218681895485
-4.09114805885874e-11
