"cz_2014_wpca.Xe.values"
21949.3635588675
14107.7298665243
4093.78460164001
3465.51729168333
2606.88757282536
1957.14222100945
1493.23310562047
872.053359238577
751.537907854558
700.854603946631
629.236345705178
620.443003340548
601.220764158067
589.524309991247
581.333097847565
575.847784756077
558.743204004962
535.537526431319
525.211398319024
506.309738111837
504.027478539024
488.552950156903
483.999730978645
474.266204458499
472.832817193508
457.155306979677
450.188092122958
441.267778436966
439.241152233218
433.66071969221
429.30550281732
421.721361726852
414.315911459319
403.13072551025
400.992012521637
394.305319769335
390.739671641802
383.68879281531
380.690635802508
376.839069685388
375.716387533426
370.236562966103
365.50765020855
364.137340518478
363.007582026447
353.955899263242
348.925568206323
346.841165348692
341.567672003132
331.718789580627
330.284053710729
323.197262308659
318.552371760631
317.420267337922
312.45127059849
311.382291246073
308.05772164049
304.627651728622
300.64569125937
298.66268953675
294.840664024106
288.924463703324
286.719404970434
282.879619985691
281.585075980136
275.881363138052
275.268879120145
271.584436395003
268.002104848298
263.33750215606
260.595517129464
256.735313791949
255.103860441709
251.31525510028
246.985989654013
244.030532325241
242.519731374603
241.821327060597
240.194287438453
237.243176503528
235.771059340347
234.046379354291
231.731395753545
229.394418013849
225.074089707917
223.849210639682
219.375246288987
218.069794734039
217.195451019751
216.665779795023
214.828051832839
209.769673044586
207.329561530484
205.631766604333
204.136164777787
200.287682300073
199.167765995259
197.387314653969
196.514583155087
192.895429283147
190.383642590512
188.902505734458
186.797324198309
185.16179841851
184.401429600141
181.287387273106
178.845831401992
178.571256646572
177.637745146142
175.84512795027
174.599785375547
172.020298132603
169.693612348531
167.746533048556
166.387877824761
165.929934673904
164.446494621901
163.291731269936
160.769559392649
159.362433033208
157.981044361982
155.287783517502
153.504192026834
151.312380137672
150.037548353191
149.244957779379
147.405667090997
145.285643957188
142.807706246417
142.099162746974
140.150776012014
138.673313114475
138.276577002029
135.713057077258
133.904854829741
133.134486804638
132.02114996728
129.685561207666
129.120295021407
126.883445180567
126.105351762817
124.231338020963
123.493444418943
122.74229147635
121.745943656266
118.02720033431
117.699052885247
116.797812953171
116.640120528132
115.041262782483
113.04784968172
112.683087728593
111.345455304919
110.156268791682
108.056383010097
105.809234404944
104.822625156221
104.492232535501
103.625196599877
102.922955873695
100.719341237807
100.426995986075
99.3541912260787
97.0527630479686
96.3556005413927
94.6044554095728
92.6770487009743
91.8630155789791
90.8640557868378
89.3008910297031
88.4393784896228
87.7225519297793
87.1129870673307
85.8356553260556
83.8347349356001
82.0449424226625
81.2131403533346
79.7972348656896
78.3333977330746
77.741712335073
76.3347763426425
75.3459194902377
74.8372707415407
71.7694289417839
71.1818903125397
69.9414927416336
68.1200902078514
66.4522585345116
65.2561686743046
64.8385865978616
63.4366488172819
62.9697498588694
60.9948540007881
59.2095766715517
57.7659512512826
56.5392579246604
56.2262363329369
53.1020776208849
51.358579112411
49.7296669805097
46.409302877503
44.6099635006368
42.6991271570686
39.6363720549916
31.8048340143173
30.4973359084845
25.5550121384058
-4.54780497199931e-12
