"pl_2014_wpca.Xe.values"
191743.520219131
22410.1372743663
10170.0627935659
4636.11488631801
2383.75654656016
1570.45414601985
1495.54486621261
1239.06306965073
846.939536485585
745.861783811044
696.707704424754
669.867399004627
600.963210391454
562.359903473067
482.784324165763
459.148797299724
409.516843681037
399.271837269384
385.323421963761
380.907688585661
362.997420643874
354.344447547107
338.520867274753
337.589632532579
326.226838931482
321.110779489511
288.538360657226
283.51964772176
280.739948332173
271.468598221762
264.63931353567
258.820301071283
255.15736888642
250.039222381333
245.220712939832
238.729735452255
230.025586924376
228.382035707796
224.100416100939
210.162551955994
203.902442668683
203.065410351473
198.873356751754
195.700372962914
191.267380501117
188.370905531728
181.51419504712
175.786814383632
175.434222079539
171.785234723844
167.441120178074
165.017894680292
162.240625320674
157.409291421712
155.631830702155
153.233609118365
152.112025195735
147.995889564612
146.290385165478
145.819267289697
145.086577458011
139.760900748035
136.992271817796
135.673810606749
134.799808152754
131.675235254936
128.778161669809
125.084146809038
124.411628908308
122.658153806866
121.768609889174
120.463418492246
119.918277646626
116.136981019812
113.94713925682
111.702211654665
110.652375099222
109.180729899185
108.479401503284
106.635591492326
105.329358333947
105.180261833917
103.968722323673
101.128161971885
100.721883224752
99.035671859482
96.7701658603904
95.4687027778637
94.5931186761469
94.2092785458746
93.5180715714987
92.9579794844692
90.9749247767549
90.0507855202229
88.6700512404043
88.0090742845442
87.0648360058435
86.3245363417365
84.4866216250568
83.6277733175838
81.6034664451807
81.1028901041642
80.877006096652
79.8215600404002
79.1615406396691
78.100721964281
77.1145453546733
76.2258090579463
74.7413353365258
74.3693246624519
72.9065445823136
72.4917973530397
71.5009323748858
70.9734880270516
70.2971207646833
68.7882048398217
68.3510143560272
67.7551787423628
65.7692311468215
65.2835167435981
64.9564230638642
63.641955594779
63.2585530949097
62.273757805928
62.0616929761244
61.5866902115972
59.9958386481685
59.4012602879085
59.0850100106444
57.7253587176578
57.2900415776962
56.4946651616507
56.4537060668302
55.479485324216
55.1263433334376
54.3546266517813
54.1352991643852
53.3346869916575
53.065963780491
52.1010102177767
51.4824908174328
50.9893192216795
49.876023371739
49.6778714985322
49.4874457022081
48.6993795023923
47.9050371173026
47.6511738928476
47.3730256221854
46.5963265396489
45.8049439057809
45.4434879718653
45.1101062402452
44.7562358235215
44.2424696471423
43.343851942982
42.7556904785539
42.1968919798769
41.9038135843306
41.6237029981709
40.912238395756
40.4421494447702
40.1179158750767
39.9321271773722
39.559400645691
39.0806757314616
38.8031868951998
38.0672314988803
37.9069815793148
37.3832125326328
37.1000804365885
36.5260418099044
36.4453454722765
35.7381346560146
35.4011827506659
35.0044860138957
34.6577942045224
34.2454920166698
34.1055673621246
33.8334281409254
32.9231827765836
32.8763871869265
32.7121237035049
32.2160553378167
31.9706781257889
31.7067606306752
31.376523069409
30.9158493974429
30.5476432886539
30.4307729100045
30.2375142544992
29.8165287278238
29.173925893059
28.679980694909
28.5823511929099
28.370394236562
27.9396178726339
27.4135872498318
27.3577962423162
26.8626464998936
26.8077340163633
26.6941851920762
26.1971419612819
26.0730026129392
25.7373276704741
25.6484185774375
25.5231144168831
25.2180764536272
24.7354475837171
24.353292973898
24.0684396718672
23.8838865472357
23.5958142922909
23.3477875690019
23.2256201786818
23.039483648786
22.8403397634958
22.7260496981068
22.4521603281671
22.1888126692298
21.9896376058852
21.5222288225599
21.2557008712901
21.1626851046705
21.0313761444688
20.7124099533644
20.6138737144893
20.360603255658
20.1637244877526
19.9716376947849
19.7635336129098
19.3356652233182
19.2350260674574
19.1453620757675
18.9824070106005
18.8577443857789
18.6476641148111
18.1736846118227
18.0901941342574
17.8113165628585
17.5959505891091
17.5174491612616
17.4823305234188
17.0506644804465
16.8577315396734
16.835760322512
16.6593687909983
16.4859674972922
16.3680123269295
16.0901123725166
15.8349361807491
15.6307112015145
15.5918247523322
15.3847028430151
15.3518056635166
15.2646955226791
15.1274924341231
14.9824153931761
14.8798027679928
14.7844592789482
14.5408367764
14.3274349032084
14.201450612458
13.8047671871286
13.6672251765978
13.562211044306
13.4156467994933
13.3716532340074
13.2326969932042
13.0744251946421
13.0252591107956
12.8563033729475
12.6669931938692
12.4993909916685
12.1396963305234
12.0964754604003
11.9681511112845
11.9177303325513
11.8743439848959
11.695388298825
11.6910829743157
11.6516519599798
11.2462816141522
11.2239871544727
10.9966484154881
10.898015915351
10.726635315474
10.6598513519008
10.5568005153541
10.3117665741665
10.2266228427197
10.1565889237239
10.0950371082279
10.0282434411693
9.80658671229886
9.66421780387702
9.64797786984571
9.52571444305516
9.41157971753666
9.26796226234234
9.16375984464947
9.07751265103835
9.04263571485868
8.98651648600632
8.85196210453481
8.77658222457201
8.63780690534506
8.5804028516682
8.55126635943725
8.38232943406937
8.33030555980069
8.25026928490938
8.16265533744621
8.04694261472813
7.82381097750709
7.78385753523951
7.74362665040043
7.58583772201844
7.52644111881156
7.49691505059363
7.36263974008047
7.26869916690224
7.24293826129217
7.14001639308288
7.00709499930043
6.92220564234334
6.87383984623603
6.72275146086009
6.68753385770842
6.59242056848046
6.54842175745
6.49232449898439
6.42451804255426
6.38562944977408
6.30200275556703
6.25015498021088
6.09965070861904
6.01048557431702
5.89916415796777
5.8853105355215
5.789178699651
5.76347796965379
5.59733576818636
5.58459366122312
5.52038992668162
5.51192965512204
5.39619576303945
5.3370026105661
5.2434514576926
5.11519902668031
5.09564685626131
5.0873615630478
5.01992218811824
4.97392445895292
4.84467880822208
4.7907190266482
4.74681346296745
4.72236616282898
4.71127994746592
4.631537569578
4.58325072716624
4.55628732825382
4.49923801361256
4.42786446223482
4.37907730881117
4.29693275202799
4.22061938495655
4.1985268773508
4.14102669817856
4.08063973199089
4.04082520146932
3.98590504893826
3.93144754724222
3.7956634882879
3.78670567222481
3.74747309375762
3.71659806901561
3.67359798074412
3.63669726900541
3.53918734571904
3.50827640641527
3.49037595216036
3.45394610712603
3.38710876904735
3.36638024094429
3.33799991246985
3.26198500819834
3.20572372965509
3.18225941719975
3.15062702866209
3.09042647190441
3.07862219849828
3.02491247489065
2.99296262247773
2.97809767424978
2.87740542814002
2.85522498245641
2.83583437161397
2.77427081756987
2.73483788891256
2.68108670595052
2.62373887173372
2.57749021430735
2.51282841597115
2.43812528899013
2.36730979071614
2.34801673481423
2.31566515477502
2.29113135118912
2.25008577728429
2.21416211551537
2.15095770119722
2.122509121596
2.08307191084588
2.0730879200822
2.05012567603761
2.02043618925309
1.9553175016619
1.94342386208442
1.91368056336046
1.84031397383195
1.82816617726452
1.80430170490441
1.73431467572943
1.72356064571774
1.64529851943019
1.6323451150869
1.59478074847371
1.57722856756226
1.5244423962758
1.51283203920955
1.47815936488158
1.4431140779574
1.42991658173991
1.39567032780956
1.35363979634653
1.31301495275615
1.29712946658579
1.26148735758243
1.22622618130712
1.19278843307599
1.15394081955297
1.12415817434669
1.11444755775568
1.06884302663925
1.04439578641241
1.02074845289782
0.992440219259975
0.979467816004287
0.948943502416034
0.923001963087602
0.892134392101332
0.889107864716878
0.835545111668164
0.815562011562242
0.794113403814466
0.782070444497415
0.732863443839835
0.713374039649635
0.708901367367075
0.694754716632435
0.647004806688299
0.627238343808059
0.600433820067704
0.559350088867584
0.54956627149455
0.517549203058537
0.501681405261932
0.49583981842228
0.485304350478935
0.448970044123091
0.435816139062115
0.418861272991241
0.387398824342131
0.363028210014037
0.336656987196554
0.326119831944383
0.300079726467568
0.270660767113063
0.255543566600743
0.237094750723776
0.189405359549839
0.176413443649181
0.150397849262368
0.131582920861614
0.0817037705882478
0.0270415604579904
6.81952735829775e-05
5.21074930351547e-11
3.8758067653266e-14
2.84956062349377e-15
