"voter_id" "present" "absent" "attendance"
"5509a8fb273a3904f6e71a66" 1548 7 0.995498392282958
"5509a8fb273a3904f6e71a6a" 444 32 0.932773109243697
"5509a8fb273a3904f6e71a6e" 1514 41 0.973633440514469
"5509a8fb273a3904f6e71a72" 1531 24 0.984565916398714
"5509a8fb273a3904f6e71a76" 1445 110 0.929260450160772
"5509a8fb273a3904f6e71a7a" 1540 15 0.990353697749196
"5509a8fb273a3904f6e71a7e" 1523 32 0.979421221864952
"5509a8fb273a3904f6e71a82" 1511 44 0.971704180064309
"5509a8fc273a3904f6e71a86" 1408 147 0.905466237942122
"5509a8fc273a3904f6e71a8a" 1555 0 1
"5509a8fc273a3904f6e71a8e" 1547 8 0.994855305466238
"5509a8fc273a3904f6e71a92" 1551 4 0.997427652733119
"5509a8fc273a3904f6e71a96" 1519 36 0.976848874598071
"5509a8fc273a3904f6e71a9a" 1420 135 0.913183279742765
"5509a8fc273a3904f6e71a9e" 950 605 0.610932475884244
"5509a8fc273a3904f6e71aa2" 1532 23 0.985209003215434
"5509a8fc273a3904f6e71aa6" 1373 182 0.882958199356913
"5509a8fc273a3904f6e71aaa" 1392 163 0.895176848874598
"5509a8fc273a3904f6e71aae" 1306 249 0.839871382636656
"5509a8fc273a3904f6e71ab2" 1553 2 0.998713826366559
"5509a8fc273a3904f6e71ab6" 1485 70 0.954983922829582
"5509a8fc273a3904f6e71aba" 1544 11 0.992926045016077
"5509a8fc273a3904f6e71abe" 1512 43 0.972347266881029
"5509a8fd273a3904f6e71ac2" 1460 95 0.938906752411576
"5509a8fd273a3904f6e71ac6" 1525 30 0.980707395498392
"5509a8fd273a3904f6e71aca" 1552 3 0.998070739549839
"5509a8fd273a3904f6e71ace" 753 802 0.484244372990354
"5509a8fd273a3904f6e71ad2" 1426 129 0.917041800643087
"5509a8fd273a3904f6e71ad6" 1431 124 0.920257234726688
"5509a8fd273a3904f6e71ada" 1511 44 0.971704180064309
"5509a8fd273a3904f6e71ade" 1487 68 0.956270096463023
"5509a8fd273a3904f6e71ae2" 1554 1 0.99935691318328
"5509a8fd273a3904f6e71ae6" 1489 66 0.957556270096463
"5509a8fd273a3904f6e71aea" 1519 36 0.976848874598071
"5509a8fd273a3904f6e71aee" 1547 8 0.994855305466238
"5509a8fd273a3904f6e71af2" 1548 7 0.995498392282958
"5509a8fd273a3904f6e71af6" 1529 26 0.983279742765273
"5509a8fd273a3904f6e71afa" 1523 32 0.979421221864952
"5509a8fe273a3904f6e71afe" 200 0 1
"5509a8fe273a3904f6e71b02" 1510 45 0.971061093247588
"5509a8fe273a3904f6e71b06" 1539 16 0.989710610932476
"5509a8fe273a3904f6e71b0a" 957 57 0.943786982248521
"5509a8fe273a3904f6e71b0e" 1503 52 0.966559485530547
"5509a8fe273a3904f6e71b12" 1553 2 0.998713826366559
"5509a8fe273a3904f6e71b16" 33 0 1
"5509a8fe273a3904f6e71b1a" 1013 1 0.999013806706114
"5509a8fe273a3904f6e71b1e" 1397 158 0.898392282958199
"5509a8fe273a3904f6e71b22" 1286 4 0.996899224806202
"5509a8fe273a3904f6e71b26" 1456 99 0.936334405144695
"5509a8fe273a3904f6e71b2a" 1187 368 0.763344051446945
"5509a8fe273a3904f6e71b2e" 1461 94 0.939549839228296
"5509a8fe273a3904f6e71b32" 1546 9 0.994212218649518
"5509a8ff273a3904f6e71b36" 1095 208 0.840368380660015
"5509a8ff273a3904f6e71b3a" 1248 307 0.802572347266881
"5509a8ff273a3904f6e71b3e" 358 118 0.752100840336134
"5509a8ff273a3904f6e71b42" 1548 7 0.995498392282958
"5509a8ff273a3904f6e71b46" 1514 41 0.973633440514469
"5509a8ff273a3904f6e71b4a" 1291 9 0.993076923076923
"5509a8ff273a3904f6e71b4e" 1552 3 0.998070739549839
"5509a8ff273a3904f6e71b52" 1547 8 0.994855305466238
"5509a8ff273a3904f6e71b56" 1554 1 0.99935691318328
"5509a8ff273a3904f6e71b5a" 1554 1 0.99935691318328
"5509a8ff273a3904f6e71b5e" 1460 95 0.938906752411576
"5509a8ff273a3904f6e71b62" 1457 98 0.936977491961415
"5509a8ff273a3904f6e71b66" 1505 50 0.967845659163987
"5509a8ff273a3904f6e71b6a" 1321 234 0.84951768488746
"5509a8ff273a3904f6e71b6e" 1010 4 0.996055226824458
"5509a8ff273a3904f6e71b72" 1278 277 0.821864951768489
"5509a900273a3904f6e71b76" 357 119 0.75
"5509a900273a3904f6e71b7a" 1435 120 0.922829581993569
"5509a900273a3904f6e71b7e" 1524 31 0.980064308681672
"5509a900273a3904f6e71b82" 1506 49 0.968488745980707
"5509a900273a3904f6e71b86" 1547 8 0.994855305466238
"5509a900273a3904f6e71b8a" 1533 22 0.985852090032154
"5509a900273a3904f6e71b8e" 1534 21 0.986495176848875
"5509a900273a3904f6e71b92" 1328 227 0.854019292604502
"5509a900273a3904f6e71b96" 1539 16 0.989710610932476
"5509a900273a3904f6e71b9a" 1510 45 0.971061093247588
"5509a900273a3904f6e71b9e" 1554 1 0.99935691318328
"5509a900273a3904f6e71ba2" 1178 377 0.757556270096463
"5509a900273a3904f6e71ba6" 1442 113 0.927331189710611
"5509a900273a3904f6e71baa" 1542 13 0.991639871382637
"5509a900273a3904f6e71bae" 1546 9 0.994212218649518
"5509a900273a3904f6e71bb2" 1280 275 0.823151125401929
"5509a901273a3904f6e71bb6" 420 56 0.882352941176471
"5509a901273a3904f6e71bba" 1437 118 0.92411575562701
"5509a901273a3904f6e71bbe" 1458 97 0.937620578778135
"5509a901273a3904f6e71bc2" 1520 35 0.977491961414791
"5509a901273a3904f6e71bc6" 1424 131 0.915755627009646
"5509a901273a3904f6e71bca" 1218 82 0.936923076923077
"5509a901273a3904f6e71bce" 1554 1 0.99935691318328
"5509a901273a3904f6e71bd2" 1540 15 0.990353697749196
"5509a901273a3904f6e71bda" 1552 3 0.998070739549839
"5509a901273a3904f6e71bde" 1504 51 0.967202572347267
"5509a901273a3904f6e71be2" 1539 16 0.989710610932476
"5509a901273a3904f6e71be6" 1481 74 0.952411575562701
"5509a901273a3904f6e71bea" 1516 39 0.97491961414791
"5509a901273a3904f6e71bee" 1294 61 0.954981549815498
"5509a902273a3904f6e71bf2" 1505 50 0.967845659163987
"5509a902273a3904f6e71bf6" 1305 250 0.839228295819936
"5509a902273a3904f6e71bfa" 1369 186 0.880385852090032
"5509a902273a3904f6e71bfe" 1232 123 0.909225092250923
"5509a902273a3904f6e71c02" 1287 13 0.99
"5509a902273a3904f6e71c06" 1535 20 0.987138263665595
"5509a902273a3904f6e71c0a" 1386 169 0.891318327974277
"5509a902273a3904f6e71c0e" 463 13 0.972689075630252
"5509a902273a3904f6e71c12" 1385 170 0.890675241157556
"5509a902273a3904f6e71c16" 366 110 0.76890756302521
"5509a902273a3904f6e71c1a" 1487 68 0.956270096463023
"5509a902273a3904f6e71c1e" 1385 170 0.890675241157556
"5509a902273a3904f6e71c22" 1529 26 0.983279742765273
"5509a902273a3904f6e71c26" 1552 3 0.998070739549839
"5509a902273a3904f6e71c2a" 1544 11 0.992926045016077
"5509a903273a3904f6e71c2e" 1525 30 0.980707395498392
"5509a903273a3904f6e71c32" 1524 31 0.980064308681672
"5509a903273a3904f6e71c36" 1513 42 0.972990353697749
"5509a903273a3904f6e71c3a" 1379 176 0.886816720257235
"5509a903273a3904f6e71c3e" 754 375 0.66784765279008
"5509a903273a3904f6e71c42" 1544 11 0.992926045016077
"5509a903273a3904f6e71c46" 1539 16 0.989710610932476
"5509a903273a3904f6e71c4a" 1548 7 0.995498392282958
"5509a903273a3904f6e71c4e" 1552 3 0.998070739549839
"5509a903273a3904f6e71c52" 1528 27 0.982636655948553
"5509a903273a3904f6e71c56" 1134 62 0.948160535117057
"5509a903273a3904f6e71c5a" 1460 95 0.938906752411576
"5509a903273a3904f6e71c5e" 1459 96 0.938263665594855
"5509a903273a3904f6e71c62" 1555 0 1
"5509a904273a3904f6e71c66" 1526 29 0.981350482315113
"5509a904273a3904f6e71c6a" 1450 105 0.932475884244373
"5509a904273a3904f6e71c6e" 1524 31 0.980064308681672
"5509a904273a3904f6e71c72" 1541 14 0.990996784565916
"5509a904273a3904f6e71c76" 1540 15 0.990353697749196
"5509a904273a3904f6e71c7a" 1366 189 0.878456591639871
"5509a904273a3904f6e71c7e" 1472 83 0.946623794212219
"5509a904273a3904f6e71c82" 1007 7 0.993096646942801
"5509a904273a3904f6e71c86" 1408 147 0.905466237942122
"5509a904273a3904f6e71c8a" 1544 11 0.992926045016077
"5509a904273a3904f6e71c8e" 1546 9 0.994212218649518
"5509a904273a3904f6e71c92" 834 52 0.941309255079007
"5509a904273a3904f6e71c96" 1549 6 0.996141479099678
"5509a904273a3904f6e71c9a" 1154 401 0.742122186495177
"5509a904273a3904f6e71c9e" 1547 8 0.994855305466238
"5509a904273a3904f6e71ca2" 1542 13 0.991639871382637
"5509a904273a3904f6e71ca6" 1540 15 0.990353697749196
"5509a904273a3904f6e71caa" 1495 60 0.961414790996785
"5509a905273a3904f6e71cae" 1431 124 0.920257234726688
"5509a905273a3904f6e71cb2" 1428 127 0.918327974276527
"5509a905273a3904f6e71cb6" 473 3 0.993697478991597
"5509a905273a3904f6e71cba" 1443 112 0.927974276527331
"5509a905273a3904f6e71cbe" 661 894 0.42508038585209
"5509a905273a3904f6e71cc2" 1532 23 0.985209003215434
"5509a905273a3904f6e71cc6" 1437 118 0.92411575562701
"5509a905273a3904f6e71cca" 1001 13 0.987179487179487
"5509a905273a3904f6e71cce" 1007 7 0.993096646942801
"5509a905273a3904f6e71cd2" 985 29 0.971400394477318
"5509a905273a3904f6e71cd6" 1532 23 0.985209003215434
"5509a905273a3904f6e71cda" 564 2 0.996466431095406
"5509a905273a3904f6e71cde" 1179 376 0.758199356913183
"5509a905273a3904f6e71ce2" 1479 76 0.95112540192926
"5509a905273a3904f6e71ce6" 1132 423 0.727974276527331
"5509a906273a3904f6e71cea" 179 1 0.994444444444444
"5509a906273a3904f6e71cee" 1537 18 0.988424437299035
"5509a906273a3904f6e71cf2" 1548 7 0.995498392282958
"5509a906273a3904f6e71cf6" 1359 196 0.87395498392283
"5509a906273a3904f6e71cfa" 1548 7 0.995498392282958
"5509a906273a3904f6e71cfe" 1490 65 0.958199356913183
"5509a906273a3904f6e71d02" 1502 53 0.965916398713826
"5509a906273a3904f6e71d06" 1520 35 0.977491961414791
"5509a906273a3904f6e71d0a" 1288 12 0.990769230769231
"5509a906273a3904f6e71d0e" 1533 22 0.985852090032154
"5509a906273a3904f6e71d12" 1309 246 0.841800643086817
"5509a906273a3904f6e71d16" 1454 101 0.935048231511254
"5509a906273a3904f6e71d1a" 1395 160 0.897106109324759
"5509a906273a3904f6e71d1e" 1239 64 0.95088257866462
"5509a906273a3904f6e71d22" 1539 16 0.989710610932476
"5509a907273a3904f6e71d26" 1519 36 0.976848874598071
"5509a907273a3904f6e71d2a" 1547 8 0.994855305466238
"5509a907273a3904f6e71d32" 1544 11 0.992926045016077
"5509a907273a3904f6e71d36" 1320 235 0.84887459807074
"5509a907273a3904f6e71d3a" 1005 9 0.99112426035503
"5509a907273a3904f6e71d3e" 1403 152 0.902250803858521
"5509a907273a3904f6e71d42" 1531 24 0.984565916398714
"5509a907273a3904f6e71d46" 1544 11 0.992926045016077
"5509a907273a3904f6e71d4a" 992 22 0.978303747534517
"5509a907273a3904f6e71d4e" 942 33 0.966153846153846
"5509a907273a3904f6e71d52" 1463 92 0.940836012861736
"5509a907273a3904f6e71d56" 1467 88 0.943408360128617
"5509a907273a3904f6e71d5a" 1547 8 0.994855305466238
"5509a907273a3904f6e71d5e" 466 10 0.978991596638655
"5509a908273a3904f6e71d62" 1465 90 0.942122186495177
"5509a908273a3904f6e71d66" 1443 112 0.927974276527331
"5509a908273a3904f6e71d6a" 1305 250 0.839228295819936
"5509a908273a3904f6e71d6e" 1495 60 0.961414790996785
"5509a908273a3904f6e71d72" 1485 70 0.954983922829582
"5509a908273a3904f6e71d76" 1530 25 0.983922829581994
"5509a908273a3904f6e71d7a" 1458 97 0.937620578778135
"5509a908273a3904f6e71d7e" 1501 54 0.965273311897106
"5509a908273a3904f6e71d82" 1553 2 0.998713826366559
"5509a908273a3904f6e71d86" 1554 1 0.99935691318328
"5509a908273a3904f6e71d8a" 1528 27 0.982636655948553
"5509a908273a3904f6e71d8e" 0 290 0
"5509a908273a3904f6e71d92" 1460 95 0.938906752411576
"5509a908273a3904f6e71d96" 1550 5 0.996784565916399
"5509a908273a3904f6e71d9a" 1553 2 0.998713826366559
"5509a909273a3904f6e71d9e" 1495 60 0.961414790996785
"5509a909273a3904f6e71da2" 1549 6 0.996141479099678
"5509a909273a3904f6e71da6" 1529 26 0.983279742765273
"5509a909273a3904f6e71daa" 1551 4 0.997427652733119
"5509a909273a3904f6e71dae" 1550 5 0.996784565916399
"5509a909273a3904f6e71db2" 441 35 0.926470588235294
"5509a909273a3904f6e71db6" 1553 2 0.998713826366559
"5509a909273a3904f6e71dba" 1310 245 0.842443729903537
"5509a909273a3904f6e71dbe" 1554 1 0.99935691318328
"5509a909273a3904f6e71dc2" 413 63 0.867647058823529
"5509a909273a3904f6e71dc6" 1549 6 0.996141479099678
"5509a909273a3904f6e71dca" 1530 25 0.983922829581994
"5509a909273a3904f6e71dce" 1542 13 0.991639871382637
"5509a909273a3904f6e71dd2" 1548 7 0.995498392282958
"5509a90a273a3904f6e71dd6" 1454 101 0.935048231511254
"5509a90a273a3904f6e71dda" 1546 9 0.994212218649518
"5509a90a273a3904f6e71de2" 1548 7 0.995498392282958
"5509a90a273a3904f6e71de6" 1504 51 0.967202572347267
"5509a90a273a3904f6e71dea" 1539 16 0.989710610932476
"5509a90a273a3904f6e71dee" 1103 452 0.709324758842444
"5509a90a273a3904f6e71df2" 1527 28 0.981993569131833
"5509a90a273a3904f6e71df6" 1309 246 0.841800643086817
"5509a90a273a3904f6e71dfa" 1272 283 0.818006430868167
"5509a90a273a3904f6e71dfe" 1469 86 0.944694533762058
"5509a90a273a3904f6e71e02" 1527 28 0.981993569131833
"5509a90a273a3904f6e71e0a" 1545 10 0.993569131832797
"5509a90a273a3904f6e71e0e" 1543 12 0.992282958199357
"5509a90a273a3904f6e71e12" 1540 15 0.990353697749196
"5509a90b273a3904f6e71e16" 1508 47 0.969774919614148
"5509a90b273a3904f6e71e1a" 467 9 0.98109243697479
"5509a90b273a3904f6e71e1e" 1544 11 0.992926045016077
"5509a90b273a3904f6e71e22" 1549 6 0.996141479099678
"5509a90b273a3904f6e71e26" 1533 22 0.985852090032154
"5509a90b273a3904f6e71e2a" 1545 10 0.993569131832797
"5509a90b273a3904f6e71e2e" 1542 13 0.991639871382637
"5509a90b273a3904f6e71e32" 1543 12 0.992282958199357
"5509a90b273a3904f6e71e36" 1398 157 0.89903536977492
"5509a90b273a3904f6e71e3a" 1551 4 0.997427652733119
"5509a90b273a3904f6e71e3e" 1536 19 0.987781350482315
"5509a90b273a3904f6e71e42" 1534 21 0.986495176848875
"5509a90b273a3904f6e71e46" 1402 153 0.901607717041801
"5509a90b273a3904f6e71e4a" 829 185 0.817554240631164
"5509a90b273a3904f6e71e4e" 1541 14 0.990996784565916
"5509a90b273a3904f6e71e56" 1206 349 0.77556270096463
"5509a90b273a3904f6e71e5a" 1500 55 0.964630225080386
"5509a90c273a3904f6e71e5e" 1549 6 0.996141479099678
"5509a90c273a3904f6e71e62" 1007 7 0.993096646942801
"5509a90c273a3904f6e71e66" 1519 36 0.976848874598071
"5509a90c273a3904f6e71e6a" 200 0 1
"5509a90c273a3904f6e71e6e" 1552 3 0.998070739549839
"5509a90c273a3904f6e71e72" 1538 17 0.989067524115756
"5509a90c273a3904f6e71e76" 1438 117 0.92475884244373
"5509a90c273a3904f6e71e7a" 1450 105 0.932475884244373
"5509a90c273a3904f6e71e7e" 1488 67 0.956913183279743
"5509a90c273a3904f6e71e82" 1552 3 0.998070739549839
"5509a90c273a3904f6e71e86" 1482 73 0.953054662379421
"5509a90c273a3904f6e71e8a" 1547 8 0.994855305466238
"5509a90c273a3904f6e71e8e" 1426 129 0.917041800643087
"5509a90c273a3904f6e71e96" 1534 21 0.986495176848875
"5509a90d273a3904f6e71e9a" 1452 103 0.933762057877814
"5509a90d273a3904f6e71e9e" 1542 13 0.991639871382637
"5509a90d273a3904f6e71ea2" 1454 101 0.935048231511254
"5509a90d273a3904f6e71ea6" 1440 115 0.92604501607717
"5509a90d273a3904f6e71eaa" 1390 165 0.893890675241158
"5509a90d273a3904f6e71eae" 1533 22 0.985852090032154
"5509a90d273a3904f6e71eb2" 1548 7 0.995498392282958
"5509a90d273a3904f6e71eb6" 1547 8 0.994855305466238
"5509a90d273a3904f6e71eba" 1525 30 0.980707395498392
"5509a90d273a3904f6e71ebe" 1445 110 0.929260450160772
"5509a90d273a3904f6e71ec2" 1329 226 0.854662379421222
"5509a90d273a3904f6e71ec6" 1518 37 0.97620578778135
"5509a90d273a3904f6e71eca" 1517 38 0.97556270096463
"5509a90d273a3904f6e71ece" 1379 176 0.886816720257235
"5509a90e273a3904f6e71ed2" 1374 181 0.883601286173633
"5509a90e273a3904f6e71ed6" 1491 64 0.958842443729904
"5509a90e273a3904f6e71eda" 1420 135 0.913183279742765
"5509a90e273a3904f6e71ede" 31 2 0.939393939393939
"5509a90e273a3904f6e71ee2" 360 3 0.991735537190083
"5509a90e273a3904f6e71ee6" 1363 192 0.876527331189711
"5509a90e273a3904f6e71eea" 1549 6 0.996141479099678
"5509a90e273a3904f6e71eee" 1525 30 0.980707395498392
"5509a90e273a3904f6e71ef2" 1497 58 0.962700964630225
"5509a90e273a3904f6e71ef6" 1457 98 0.936977491961415
"5509a90e273a3904f6e71efa" 1512 43 0.972347266881029
"5509a90e273a3904f6e71efe" 1547 8 0.994855305466238
"5509a90e273a3904f6e71f02" 1543 12 0.992282958199357
"5509a90e273a3904f6e71f06" 1543 12 0.992282958199357
"5509a90f273a3904f6e71f0a" 1453 102 0.934405144694534
"5509a90f273a3904f6e71f0e" 1525 30 0.980707395498392
"5509a90f273a3904f6e71f12" 1550 5 0.996784565916399
"5509a90f273a3904f6e71f16" 1477 78 0.94983922829582
"5509a90f273a3904f6e71f1a" 522 0 1
"5509a90f273a3904f6e71f1e" 1467 88 0.943408360128617
"5509a90f273a3904f6e71f22" 1462 93 0.940192926045016
"5509a90f273a3904f6e71f2a" 1452 103 0.933762057877814
"5509a90f273a3904f6e71f2e" 1460 95 0.938906752411576
"5509a90f273a3904f6e71f32" 468 8 0.983193277310924
"5509a90f273a3904f6e71f36" 1333 222 0.857234726688103
"5509a90f273a3904f6e71f3e" 466 10 0.978991596638655
"5509a90f273a3904f6e71f42" 1207 348 0.776205787781351
"5509a910273a3904f6e71f46" 1449 106 0.931832797427653
"5509a910273a3904f6e71f4a" 1552 3 0.998070739549839
"5509a910273a3904f6e71f4e" 999 15 0.985207100591716
"5509a910273a3904f6e71f52" 1551 4 0.997427652733119
"5509a910273a3904f6e71f56" 200 0 1
"5509a910273a3904f6e71f5a" 1194 361 0.767845659163987
"5509a910273a3904f6e71f5e" 1550 5 0.996784565916399
"5509a910273a3904f6e71f62" 1550 5 0.996784565916399
"5509a910273a3904f6e71f66" 1393 162 0.895819935691318
"5509a910273a3904f6e71f6a" 1551 4 0.997427652733119
"5509a910273a3904f6e71f6e" 1508 47 0.969774919614148
"5509a910273a3904f6e71f72" 1507 48 0.969131832797428
"5509a910273a3904f6e71f76" 466 10 0.978991596638655
"5509a910273a3904f6e71f7a" 1366 189 0.878456591639871
"5509a910273a3904f6e71f7e" 1518 37 0.97620578778135
"5509a911273a3904f6e71f82" 1485 70 0.954983922829582
"5509a911273a3904f6e71f86" 1547 8 0.994855305466238
"5509a911273a3904f6e71f8a" 1532 23 0.985209003215434
"5509a911273a3904f6e71f8e" 809 166 0.82974358974359
"5509a911273a3904f6e71f92" 1553 2 0.998713826366559
"5509a911273a3904f6e71f96" 1403 152 0.902250803858521
"5509a911273a3904f6e71f9a" 1553 2 0.998713826366559
"5509a911273a3904f6e71f9e" 1424 131 0.915755627009646
"5509a911273a3904f6e71fa2" 1550 5 0.996784565916399
"5509a911273a3904f6e71fa6" 1431 124 0.920257234726688
"5509a911273a3904f6e71faa" 1182 173 0.872324723247232
"5509a911273a3904f6e71fae" 1536 19 0.987781350482315
"5509a911273a3904f6e71fb2" 1549 6 0.996141479099678
"5509a911273a3904f6e71fb6" 200 0 1
"5509a911273a3904f6e71fba" 1477 78 0.94983922829582
"5509a911273a3904f6e71fbe" 1260 295 0.810289389067524
"5509a911273a3904f6e71fc2" 1268 287 0.815434083601286
"5509a911273a3904f6e71fc6" 1447 108 0.930546623794212
"5509a911273a3904f6e71fca" 624 931 0.40128617363344
"5509a912273a3904f6e71fce" 1534 21 0.986495176848875
"5509a912273a3904f6e71fd2" 1456 99 0.936334405144695
"5509a912273a3904f6e71fd6" 1408 147 0.905466237942122
"5509a912273a3904f6e71fda" 1373 182 0.882958199356913
"5509a912273a3904f6e71fde" 1378 177 0.886173633440514
"5509a912273a3904f6e71fe2" 1206 349 0.77556270096463
"5509a912273a3904f6e71fe6" 1533 22 0.985852090032154
"5509a912273a3904f6e71fea" 1287 268 0.827652733118971
"5509a912273a3904f6e71fee" 1542 13 0.991639871382637
"5509a912273a3904f6e71ff2" 1500 55 0.964630225080386
"5509a912273a3904f6e71ff6" 1433 122 0.921543408360129
"5509a912273a3904f6e71ffa" 1431 124 0.920257234726688
"5509a912273a3904f6e71ffe" 1289 266 0.828938906752412
"5509a912273a3904f6e72002" 1544 11 0.992926045016077
"5509a912273a3904f6e72006" 1553 2 0.998713826366559
"5509a913273a3904f6e7200a" 1548 7 0.995498392282958
"5509a913273a3904f6e7200e" 1541 14 0.990996784565916
"5509a913273a3904f6e72012" 1377 178 0.885530546623794
"5509a913273a3904f6e72016" 662 7 0.989536621823617
"5509a913273a3904f6e7201a" 1441 114 0.926688102893891
"5509a913273a3904f6e7201e" 386 90 0.810924369747899
"5509a913273a3904f6e72022" 1471 84 0.945980707395498
"5509a913273a3904f6e72026" 1454 101 0.935048231511254
"5509a913273a3904f6e7202a" 1461 94 0.939549839228296
"5509a913273a3904f6e7202e" 1554 1 0.99935691318328
"5509a913273a3904f6e72032" 1095 460 0.704180064308682
"5509a913273a3904f6e72036" 1526 29 0.981350482315113
"5509a913273a3904f6e7203a" 198 2 0.99
"5509a913273a3904f6e7203e" 1345 210 0.864951768488746
"5509a914273a3904f6e72042" 1517 38 0.97556270096463
"5509a914273a3904f6e72046" 1554 1 0.99935691318328
"5509a914273a3904f6e7204a" 1547 8 0.994855305466238
"5509a914273a3904f6e7204e" 1282 273 0.82443729903537
"5509a914273a3904f6e72052" 165 1390 0.106109324758842
"5509a914273a3904f6e72056" 1374 181 0.883601286173633
"5509a914273a3904f6e7205a" 1546 9 0.994212218649518
"5509a914273a3904f6e7205e" 1527 28 0.981993569131833
"5509a914273a3904f6e72062" 1146 209 0.845756457564576
"5509a914273a3904f6e72066" 1496 59 0.962057877813505
"5509a914273a3904f6e7206a" 1521 34 0.978135048231511
"5509a914273a3904f6e7206e" 1551 4 0.997427652733119
"5509a914273a3904f6e72072" 1541 14 0.990996784565916
"5509a914273a3904f6e72076" 1485 70 0.954983922829582
"5509a914273a3904f6e7207a" 1551 4 0.997427652733119
"5509a914273a3904f6e7207e" 1147 45 0.962248322147651
"5509a915273a3904f6e72086" 1551 4 0.997427652733119
"5509a915273a3904f6e7208a" 1482 73 0.953054662379421
"5509a915273a3904f6e7208e" 1553 2 0.998713826366559
"5509a915273a3904f6e72092" 1357 198 0.872668810289389
"5509a915273a3904f6e72096" 1402 153 0.901607717041801
"5509a915273a3904f6e7209a" 1267 288 0.814790996784566
"5509a915273a3904f6e7209e" 1453 102 0.934405144694534
"5509a915273a3904f6e720a2" 1362 193 0.87588424437299
"5509a915273a3904f6e720a6" 0 33 0
"5509a915273a3904f6e720aa" 1483 72 0.953697749196141
"5509a915273a3904f6e720ae" 1338 217 0.860450160771704
"5509a915273a3904f6e720b2" 1445 110 0.929260450160772
"5509a915273a3904f6e720ba" 1547 8 0.994855305466238
"5509a915273a3904f6e720be" 1090 465 0.70096463022508
"5509a915273a3904f6e720c2" 1086 469 0.698392282958199
"5509a915273a3904f6e720c6" 1545 10 0.993569131832797
"5509a916273a3904f6e720ca" 1548 7 0.995498392282958
"5509a916273a3904f6e720ce" 1482 73 0.953054662379421
"5509a916273a3904f6e720d2" 1477 78 0.94983922829582
"5509a916273a3904f6e720d6" 1539 16 0.989710610932476
"5509a916273a3904f6e720da" 1523 32 0.979421221864952
"5509a916273a3904f6e720de" 1534 21 0.986495176848875
"5509a916273a3904f6e720e2" 1552 3 0.998070739549839
"5509a916273a3904f6e720e6" 1301 254 0.836655948553055
"5509a916273a3904f6e720ea" 1479 76 0.95112540192926
"5509a916273a3904f6e720ee" 197 3 0.985
"5509a916273a3904f6e720f2" 1534 21 0.986495176848875
"5509a916273a3904f6e720f6" 1546 9 0.994212218649518
"5509a916273a3904f6e720fa" 1552 3 0.998070739549839
"5509a916273a3904f6e720fe" 462 14 0.970588235294118
"5509a916273a3904f6e72102" 1553 2 0.998713826366559
"5509a917273a3904f6e72106" 1546 9 0.994212218649518
"5509a917273a3904f6e7210a" 1545 10 0.993569131832797
"5509a917273a3904f6e7210e" 1188 367 0.763987138263666
"5509a917273a3904f6e72112" 1542 13 0.991639871382637
"5509a917273a3904f6e72116" 1231 324 0.791639871382637
"5509a917273a3904f6e7211a" 1333 222 0.857234726688103
"5509a917273a3904f6e7211e" 1548 7 0.995498392282958
"5509a917273a3904f6e72122" 1552 3 0.998070739549839
"5509a917273a3904f6e72126" 1555 0 1
"5509a917273a3904f6e7212a" 1489 66 0.957556270096463
"5509a917273a3904f6e7212e" 1550 5 0.996784565916399
"5509a917273a3904f6e72132" 421 2 0.995271867612293
"5509a917273a3904f6e72136" 1381 174 0.888102893890675
"5509a917273a3904f6e7213a" 1554 1 0.99935691318328
"5509a917273a3904f6e7213e" 926 88 0.913214990138067
"5509a918273a3904f6e72142" 1533 22 0.985852090032154
"5509a918273a3904f6e72146" 1505 50 0.967845659163987
"5509a918273a3904f6e7214a" 1450 105 0.932475884244373
"5509a918273a3904f6e7214e" 1531 24 0.984565916398714
"5509a918273a3904f6e72152" 199 1 0.995
"5509a918273a3904f6e72156" 1546 9 0.994212218649518
"5509a918273a3904f6e7215e" 1517 38 0.97556270096463
"5509a918273a3904f6e72162" 1549 6 0.996141479099678
"5509a918273a3904f6e72166" 1543 12 0.992282958199357
"5509a918273a3904f6e7216a" 1491 64 0.958842443729904
"5509a918273a3904f6e7216e" 934 4 0.995735607675906
"5509a918273a3904f6e72172" 1547 8 0.994855305466238
"5509a918273a3904f6e72176" 1011 3 0.997041420118343
"5509a919273a3904f6e7217a" 1548 7 0.995498392282958
"5509a919273a3904f6e72182" 1546 9 0.994212218649518
"5509a919273a3904f6e72186" 1550 5 0.996784565916399
"5509a919273a3904f6e7218a" 1424 131 0.915755627009646
"5509a919273a3904f6e7218e" 1495 60 0.961414790996785
"5509a919273a3904f6e72192" 1527 28 0.981993569131833
"5509a919273a3904f6e72196" 1328 227 0.854019292604502
"5509a919273a3904f6e7219a" 1420 135 0.913183279742765
"5509a919273a3904f6e7219e" 1555 0 1
"5509a919273a3904f6e721a2" 1538 17 0.989067524115756
"5509a919273a3904f6e721a6" 1451 104 0.933118971061093
"5509a919273a3904f6e721aa" 1169 131 0.899230769230769
"5509a919273a3904f6e721ae" 1545 10 0.993569131832797
"5509a919273a3904f6e721b2" 1345 210 0.864951768488746
"5509a91a273a3904f6e721b6" 1555 0 1
"5509a91a273a3904f6e721ba" 1551 4 0.997427652733119
"5509a91a273a3904f6e721be" 1196 359 0.769131832797428
"5509a91a273a3904f6e721c2" 1494 61 0.960771704180064
"5509a91a273a3904f6e721c6" 1429 126 0.918971061093248
"5509a91a273a3904f6e721ca" 1554 1 0.99935691318328
"5509a91a273a3904f6e721ce" 1531 24 0.984565916398714
"5509a91a273a3904f6e721d2" 1087 268 0.802214022140221
"5509a91a273a3904f6e721d6" 1328 227 0.854019292604502
"5509a91a273a3904f6e721da" 1448 107 0.931189710610932
"5509a91a273a3904f6e721de" 1474 81 0.947909967845659
"5509a91a273a3904f6e721e2" 1440 115 0.92604501607717
"5509a91a273a3904f6e721e6" 1485 70 0.954983922829582
"5509a91a273a3904f6e721ea" 1521 34 0.978135048231511
"5509a91b273a3904f6e721ee" 1477 78 0.94983922829582
"5509a91b273a3904f6e721f2" 987 27 0.973372781065089
"5509a91b273a3904f6e721f6" 1365 190 0.877813504823151
"5509a91b273a3904f6e721fa" 1359 196 0.87395498392283
"5509a91b273a3904f6e721fe" 1461 94 0.939549839228296
"5509a91b273a3904f6e72202" 1520 35 0.977491961414791
"5509a91b273a3904f6e72206" 1366 189 0.878456591639871
"5509a91b273a3904f6e7220a" 1509 46 0.970418006430868
"5509a91b273a3904f6e7220e" 1551 4 0.997427652733119
"5509a91b273a3904f6e72212" 1516 39 0.97491961414791
"5509a91b273a3904f6e72216" 1473 82 0.947266881028939
"5509a91b273a3904f6e7221a" 1544 11 0.992926045016077
"5509a91b273a3904f6e7221e" 1551 4 0.997427652733119
"5509a91b273a3904f6e72222" 1550 5 0.996784565916399
"5509a91b273a3904f6e72226" 1537 18 0.988424437299035
"5509a91b273a3904f6e7222a" 1304 251 0.838585209003215
"5509a91c273a3904f6e7222e" 1278 22 0.983076923076923
"5509a91c273a3904f6e72232" 1547 8 0.994855305466238
"5509a91c273a3904f6e72236" 1541 14 0.990996784565916
"5509a91c273a3904f6e7223a" 1545 10 0.993569131832797
"5509a91c273a3904f6e7223e" 1507 48 0.969131832797428
"5509a91c273a3904f6e72242" 1538 17 0.989067524115756
"5509a91c273a3904f6e72246" 1379 176 0.886816720257235
