"rs_2014_wpca.Xe.values"
1201.09896942185
260.160252634909
180.665382806831
105.626010731636
97.1273298930908
85.3107127379987
83.2623297621504
74.3362370036561
64.0884515291899
60.002772282055
53.5386795927512
52.576394638592
49.9841457257786
45.4820090670065
44.0853927587282
41.243157519767
38.7396409861526
35.4050449730788
35.2991886186958
32.2089227555608
29.9516744900703
28.9028385469444
26.7928120678017
26.5848847929569
26.2343366690225
24.5188388609089
22.9542866025378
22.6604180388198
22.3300627300071
21.5813470069959
20.8076587955961
20.5440945524272
20.2090524856252
19.1609543278324
17.7796664868249
17.3731877677102
16.5911333648299
16.343452550452
16.2400624622891
15.4838661379487
14.852192941859
14.3098044501477
13.780422644521
13.19081132206
12.7574476120055
12.6492647220346
12.0657147634411
11.6146264725714
11.3378365949904
11.0921205243777
10.5825891793794
10.2766366543336
9.95840938878717
9.77958872866672
9.4434246233882
9.3933096401362
9.19613939601835
8.58991000657173
8.18857746607754
8.04444326496434
7.93851625364749
7.64824957361064
7.44706744465595
7.3746532086484
7.14853211060489
6.99947022283951
6.65778048984302
6.52546071945283
6.20077441553981
6.00599121178666
5.93393876202844
5.73529909278321
5.67277349169596
5.62713691975356
5.24441178995558
5.07804879039613
4.75225869902104
4.54773839582738
4.44420540577841
4.42275373601676
4.32161037654085
4.18968568630932
4.11744336737647
4.00402985060724
3.88687780533752
3.76296942178722
3.71562432084725
3.59481136270246
3.47357217345593
3.40076790469665
3.31363451587781
3.20306272875114
3.11999638574192
2.96566280490265
2.93570873494133
2.82415469446423
2.7004188030679
2.6748066724067
2.59897505809635
2.53368601615421
2.38425355099054
2.34013401822421
2.31671898097679
2.24368396371405
2.11405423978494
2.02278162555013
1.95945426338275
1.90414686315882
1.79057583785283
1.76072669349658
1.70179239826777
1.68199917900008
1.59974432506148
1.54436711635623
1.49167291240919
1.47329169830308
1.41272751781197
1.3835653561017
1.36424840258429
1.3035848883127
1.26268060458047
1.2443753880032
1.20542217362234
1.12547139126792
1.08686762088616
1.0612160876845
1.04761557045225
0.989086198158022
0.953282786662165
0.915739346270789
0.887236267234481
0.800956848987127
0.754020615706799
0.710062627314216
0.693429621577178
0.641698698181378
0.610433830201584
0.57436878417066
0.564276035400924
0.534165816396349
0.511077719620735
0.421938799855343
0.416967755027105
0.382781740188502
0.353027142854757
0.344676101055287
0.332902265824902
0.314439740190248
0.290636877643201
0.270240388718171
0.235976377301094
0.220969927477592
0.195413518297593
0.170726598993368
0.152433916461093
0.150227792978279
0.129348456873458
0.122883871210661
0.108788628862752
0.0882099904433553
0.0751300796290465
0.0733816591077039
0.0600221362578536
0.0449983578250069
0.0406681140962773
0.0388516154362105
0.0316143927029259
0.0254347105570064
0.0237591795860827
0.0197624465575756
0.0178139334679167
0.013538119692736
0.0109625366948182
0.0102550110183187
0.00864714723329818
0.00738904899548592
0.00676972331431745
0.00556196373944903
0.00413701915180473
0.00320908512282005
0.00260365143646619
0.0021865642703962
0.00193191478591334
0.00176832992883378
0.00120094150432681
0.000914211573917692
0.000758106292230471
0.000643433374241669
0.000405130805012031
0.000246352944896717
0.000188244342435303
0.000176109874118207
0.000134023378487405
0.000120600607731603
8.89578271786422e-05
4.11583660482173e-05
2.90070939146321e-05
1.13671962121277e-05
6.83470574528334e-06
4.51778734150041e-06
1.11450952040336e-06
3.26395797715212e-14
2.27082056610816e-14
1.26251119295597e-14
5.41069532071814e-15
2.87675130329386e-15
2.78260125902463e-15
2.77920797433343e-15
1.84028591938984e-15
1.70555130658009e-15
1.51506557895319e-15
1.47845699968736e-15
1.46334131446078e-15
1.29974057841809e-15
1.20000755491941e-15
8.28554096156975e-16
7.84190488311921e-16
7.53350173172709e-16
4.68263761536182e-16
2.49192720200309e-16
1.61575189347975e-16
1.37237298271932e-16
9.31296967982504e-17
8.88508570453239e-17
7.941692750165e-17
7.74378324802773e-17
3.904655547079e-17
3.58620077521074e-17
2.7661299412692e-17
2.64078972035434e-18
-5.88170618513823e-19
-1.60499463679592e-18
-3.05503001135181e-18
-6.10012143109876e-18
-7.68805093707987e-18
-8.30902366513226e-18
-5.89048490858123e-17
-7.60068945743805e-17
-8.7044645116561e-17
-8.70911613862988e-17
-1.01005131391629e-16
-1.42622394740295e-16
-1.65925336879378e-16
-2.13960316317038e-16
-2.18415554123717e-16
-2.42973066913803e-16
-3.02666494376139e-16
-3.33032583595835e-16
-3.57992427897664e-16
-4.30698403261194e-16
-4.4240990655991e-16
-4.60603612748131e-16
-4.99502527300815e-16
-5.63183732123508e-16
-7.45980747448679e-16
-8.79678727321075e-16
-1.00717476617555e-15
-1.12323714184809e-15
-1.45754931572515e-15
-1.56380902949017e-15
-2.47047668153323e-15
-3.57463221036176e-15
-5.51342916918206e-15
-7.80558476178091e-15
-1.01114137795482e-14
-1.60678992614987e-14
