"normals.1" "normals.2" "parameters.Parameter" "parameters.Loss" "parameters.Direction" "loss_function.Parameter1" "loss_function.Loss1" "loss_function.Parameter_1" "loss_function.Loss_1" "weights.w1" "weights.w2"
"event_21055-1397606400_0" 2.67732719365326 -1.08235772560286 9.15663136846522 106.931863567888 1 9.15663136846522 106.931863567888 -3.43752674693519 233.053036151244 1 0.158878504672897
"event_21055-1397606400_2" 0.250977036995108 -0.395213838587786 -0.394632502147245 6.08402976741714 -1 2.57004046050511 11.3264006975242 -0.394632502147245 6.08402976741714 0.94392523364486 0.0495049504950495
"event_21177-1399680000_0" 3.67055903582889 -1.03074629350885 7.66214244206836 5.80424974185347 1 7.66214244206836 5.80424974185347 -4.68914529239242 396.036222061349 0.901869158878505 0.134715025906736
"event_21177-1399680000_1" 1.8086445350223 -0.592602944647077 6.85274013479632 32.6144928216389 1 6.85274013479632 32.6144928216389 -2.31948316262109 99.3941851888141 0.88785046728972 0.0842105263157895
"event_21177-1399680000_10" 4.80225677409542 2.1936352249698 1.70047208841999 13.263778538003 1 1.70047208841999 13.263778538003 -5.84615069406052 728.444509232964 0.892523364485981 0.219895287958115
"event_21177-1399680000_11" 4.77698948559941 2.15345473339587 1.86999098128222 12.7567484315552 1 1.86999098128222 12.7567484315552 -5.82185940703794 716.627168409491 0.892523364485981 0.209424083769634
"event_21177-1399680000_12" 4.99161155629759 2.20904520729659 2.33143482129026 15.8018820179102 1 2.33143482129026 15.8018820179102 -6.0868106134088 779.061814825798 0.892523364485981 0.209424083769634
"event_21177-1399680000_13" 1.62827294293504 1.85045031031514 14.0037243643577 52.5088611295343 1 14.0037243643577 52.5088611295343 -1.94808093882559 127.062796681716 0.892523364485981 0.104712041884817
"event_21177-1399680000_14" 4.09089802525612 2.27690997958928 18.662473436765 66.1188775236237 1 18.662473436765 66.1188775236237 -4.96784140600707 552.636912386196 0.892523364485981 0.178010471204188
"event_21177-1399680000_15" 1.62044981350993 2.02817995295697 14.3720733138747 48.4000761743007 1 14.3720733138747 48.4000761743007 -1.97201243287157 134.491221653788 0.901869158878505 0.103626943005181
"event_21177-1399680000_16" 2.71938309054102 2.49173238806693 20.4194126851398 42.591965495012 1 20.4194126851398 42.591965495012 -3.23042052422997 294.782544400042 0.901869158878505 0.124352331606218
"event_21177-1399680000_17" 2.73076703082463 2.48132620617398 21.9318124459031 19.7699750800641 1 21.9318124459031 19.7699750800641 -3.24564537371031 293.493773508936 0.901869158878505 0.113989637305699
"event_21177-1399680000_18" 4.51695314744395 2.48943633179585 1.42771214422612 62.2790837253721 1 1.42771214422612 62.2790837253721 -5.46027812294886 682.066420343463 0.901869158878505 0.248704663212435
"event_21177-1399680000_19" 4.33791385075072 1.96071616026956 15.9713426249001 54.1509725360983 1 15.9713426249001 54.1509725360983 -5.30175669352872 588.950648028263 0.901869158878505 0.176165803108808
"event_21177-1399680000_20" 4.90687590209389 2.5464210507363 1.61776996648721 10.908412760374 1 1.61776996648721 10.908412760374 -5.94776438946831 777.342552874688 0.901869158878505 0.227979274611399
"event_21177-1399680000_21" 3.86842720077304 2.44925378391118 21.8124972968236 12.1290764733157 1 21.8124972968236 12.1290764733157 -4.67857466051955 501.307294966778 0.897196261682243 0.145833333333333
"event_21177-1399680000_22" 2.46697751592109 2.05130957135151 7.33137450413023 132.212808175317 1 7.33137450413023 132.212808175317 -2.94643500094661 242.842565024954 0.897196261682243 0.166666666666667
"event_21177-1399680000_23" 4.44459371718053 2.62805429296888 2.20268835685745 20.4569937479192 1 2.20268835685745 20.4569937479192 -5.37957615273843 655.224159225766 0.897196261682243 0.197916666666667
"event_21177-1399680000_24" 4.21547574810786 2.13211403270569 1.83571957117004 54.5969083885617 1 1.83571957117004 54.5969083885617 -5.12812073064365 573.905896793305 0.897196261682243 0.197916666666667
"event_21177-1399680000_25" 3.77546744587679 2.25861174858826 1.67797807564564 92.6790446233875 1 1.67797807564564 92.6790446233875 -4.5654251500914 488.474401625603 0.897196261682243 0.208333333333333
"event_21177-1399680000_26" 4.18898164692778 2.77296091202861 2.10431979241109 41.6194239942554 1 2.10431979241109 41.6194239942554 -5.05185209838746 605.346424042413 0.897196261682243 0.197916666666667
"event_21177-1399680000_27" 4.64523194047573 2.983546935055 1.1507646264701 8.53811189087806 1 1.1507646264701 8.53811189087806 -5.59002991535331 742.999407229493 0.897196261682243 0.25
"event_21177-1399680000_28" 4.43920798532782 2.61112156549459 7.33137458207553 10.4650844611977 1 7.33137458207553 10.4650844611977 -5.38046791945769 646.738723453075 0.897196261682243 0.177083333333333
"event_21177-1399680000_29" 4.27891854968121 2.20491843289275 5.29688144756652 37.2494264882607 1 5.29688144756652 37.2494264882607 -5.20940606057871 586.076827381394 0.897196261682243 0.177083333333333
"event_21177-1399680000_3" 5.24457779260371 0.434302440152786 0.627562743971231 47.937115238761 1 0.627562743971231 47.937115238761 -6.46001474113199 808.829510668003 0.925233644859813 0.262626262626263
"event_21177-1399680000_30" 4.27316937322474 2.19306715633248 1.72896892774296 51.9213961642796 1 1.72896892774296 51.9213961642796 -5.19077841985882 593.227006759316 0.897196261682243 0.208333333333333
"event_21177-1399680000_31" 4.21010488554533 2.11384242677388 2.61944205296739 51.3673694482693 1 2.61944205296739 51.3673694482693 -5.12632160277877 568.751997870268 0.897196261682243 0.1875
"event_21177-1399680000_4" 5.28489563560325 0.872361404780361 2.25960047119476 34.4041502333139 1 2.25960047119476 34.4041502333139 -6.49991145988499 820.334850492332 0.920560747663551 0.243654822335025
"event_21177-1399680000_5" 4.89009320999769 0.957587819200189 1.29672238852877 33.6320150525899 1 1.29672238852877 33.6320150525899 -6.00830017990767 706.288273956664 0.91588785046729 0.23469387755102
"event_21177-1399680000_6" 5.27991412580829 1.61622670197159 1.16674664987113 52.0520975015988 1 1.16674664987113 52.0520975015988 -6.43996345825196 852.447298760361 0.920560747663551 0.274111675126904
"event_21177-1399680000_7" 2.51238149057564 1.75740043883519 15.6183428979201 88.7841636203576 1 15.6183428979201 88.7841636203576 -3.02586864744358 230.387959184871 0.906542056074766 0.134020618556701
"event_21177-1399680000_8" 5.02157888143407 1.67343884637535 3.28100877034226 38.458266663676 1 3.28100877034226 38.458266663676 -6.15050349252797 763.124840871385 0.906542056074766 0.216494845360825
"event_21177-1399680000_9" 4.75913523242285 2.1665725707002 1.6491262926582 18.8426795696542 1 1.6491262926582 18.8426795696542 -5.79550639376932 716.002987046448 0.892523364485981 0.219895287958115
"event_21267-1400544000_0" 0.878355752301312 -0.426365305610211 -1.13697207570076 32.8381070803248 -1 4.88211628682504 58.7873402319217 -1.13697207570076 32.8381070803248 0.920560747663551 0.111675126903553
"event_21331-1401062400_0" 5.05104080418478 -1.64873056949036 4.75975461598286 10.3137833926422 1 4.75975461598286 10.3137833926422 -6.38552287786528 784.000366315383 0.892523364485981 0.230366492146597
"event_21331-1401062400_1" 5.15742400211019 -1.52571109732102 2.0795116623791 5.99255881291643 1 2.0795116623791 5.99255881291643 -6.50343612127588 812.296151806752 0.892523364485981 0.240837696335079
"event_21331-1401062400_11" 1.0289205769856 -0.708563496958483 -1.34775995529537 43.9857657989323 -1 7.33514348479782 50.965404734342 -1.34775995529537 43.9857657989323 0.892523364485981 0.0942408376963351
"event_21331-1401062400_13" 1.0160100577511 -1.19744793066034 8.93057417160267 30.1765032437278 1 8.93057417160267 30.1765032437278 -1.37298597956086 52.9395623447569 0.892523364485981 0.0732984293193717
"event_21331-1401062400_14" 0.0639640940465266 -0.191329518858021 -0.181407085308999 1.38344501692776 -1 0.880336306990388 3.8346304034018 -0.181407085308999 1.38344501692776 0.88785046728972 0.0421052631578948
"event_21331-1401062400_15" 0.711555004433057 -0.125246734674691 -0.904328925716691 18.8449845122443 -1 5.32876967935282 32.7371867475985 -0.904328925716691 18.8449845122443 0.88785046728972 0.0736842105263158
"event_21331-1401062400_16" 0.481238049590218 0.261926274245001 -0.585271569626553 11.328057770774 -1 3.34267040040898 31.9996196306682 -0.585271569626553 11.328057770774 0.883177570093458 0.0952380952380952
"event_21331-1401062400_18" 0.596595637365313 0.134092612076547 -0.740053603106482 15.2038772868553 -1 3.83771361479865 37.2500742454238 -0.740053603106482 15.2038772868553 0.883177570093458 0.0952380952380952
"event_21331-1401062400_2" 5.06058901315715 -1.66311009100622 3.23485027508872 15.3224457052914 1 3.23485027508872 15.3224457052914 -6.38788234488754 791.017942856938 0.892523364485981 0.240837696335079
"event_21331-1401062400_20" 1.78060872350199 -0.339642087748503 9.97644865431598 76.4305646618376 1 9.97644865431598 76.4305646618376 -2.26500261281554 104.37673558792 0.883177570093458 0.116402116402116
"event_21331-1401062400_4" 4.13806992397617 -1.52759479405228 11.7481587180886 75.6068186623337 1 11.7481587180886 75.6068186623337 -5.26910201030195 541.155789912947 0.892523364485981 0.198952879581152
"event_21331-1401062400_5" 3.39464505561346 -1.43600396980908 9.8791236225897 125.534739666237 1 9.8791236225897 125.534739666237 -4.3383237037344 383.764735722438 0.892523364485981 0.198952879581152
"event_21331-1401062400_7" 1.81096706384958 -1.21535090538523 11.9735524496086 59.3089052108041 1 11.9735524496086 59.3089052108041 -2.36973087377393 122.253833305309 0.892523364485981 0.104712041884817
"event_21331-1401062400_9" 1.47485436961047 -1.07391493110898 9.98039799298601 62.4620833805763 1 9.98039799298601 62.4620833805763 -1.93630624343854 86.5541040466009 0.892523364485981 0.104712041884817
"event_21437-1401840000_0" -0.0205374293579426 -0.0292933249142464 0.0265798395891556 0.0920440220545743 1 0.0265798395891556 0.0920440220545743 -0.104078592405883 1.00416487975889 0.789719626168224 0.0591715976331361
"event_21437-1401840000_10" -0.00619154440376148 0.0669117584191228 0.0683054002412853 0.304367893858761 1 0.0683054002412853 0.304367893858761 -0.325705010470792 0.773084516868307 0.794392523364486 0.0235294117647059
"event_21437-1401840000_12" -0.0133963022612783 0.0276557767846554 0.0269283850531392 0.110204725192056 1 0.0269283850531392 0.110204725192056 -0.14535455808726 0.58379579940787 0.794392523364486 0.0352941176470588
"event_21437-1401840000_14" 0.195963545457692 -0.356583389134218 2.65108519184079 0.200515311393524 1 2.65108519184079 0.200515311393524 -0.799713670796346 3.6438463117916 0.794392523364486 0.0117647058823529
"event_21437-1401840000_16" 0.508241433800667 -0.820218429729357 3.85017116045247 13.7838441094128 1 3.85017116045247 13.7838441094128 -0.802829466743153 20.0332478062107 0.789719626168224 0.0591715976331361
"event_21437-1401840000_17" 0.0275891321596315 -0.0034335984093044 -0.03490021699515 0.303999482040265 -1 -0.00428821704593882 1.4261733160523 -0.03490021699515 0.303999482040265 0.728971962616822 0.192307692307692
"event_21437-1401840000_2" -0.0185694999671014 -0.0492681438642275 0.079857155049689 0.315024878350261 1 0.079857155049689 0.315024878350261 -0.183393854977229 0.778600928109482 0.794392523364486 0.0352941176470588
"event_21437-1401840000_4" -0.0416239110081921 0.0927518982109118 0.0848286345779489 0.339892257032807 1 0.0848286345779489 0.339892257032807 -0.442547815232613 2.47378351242393 0.794392523364486 0.0470588235294118
"event_21437-1401840000_6" 0.00331257234697681 0.0983085103364004 0.180593696735318 0.524868319292844 1 0.180593696735318 0.524868319292844 -0.408563470595039 1.040219804432 0.794392523364486 0.0235294117647059
"event_21437-1401840000_8" 0.201524054236934 -0.298926811756798 2.24389375915211 2.80973148702771 1 2.24389375915211 2.80973148702771 -0.345438032220037 3.17799177420936 0.789719626168224 0.0236686390532544
"event_21512-1402272000_0" 2.32654693549049 -0.634123165552768 2.09537437626385 76.9799828977466 1 2.09537437626385 76.9799828977466 -2.9687497090386 180.940695222605 0.817757009345794 0.182857142857143
"event_21512-1402272000_1" 3.58992679738868 -0.905190550990731 1.2394735632222 6.97192945644242 1 1.2394735632222 6.97192945644242 -4.5505362528419 403.213857505182 0.822429906542056 0.204545454545455
"event_21512-1402272000_2" 3.44545546874719 -0.781033674382801 1.29184686277295 7.75271449258986 1 1.29184686277295 7.75271449258986 -4.37659049472898 369.263112679804 0.817757009345794 0.194285714285714
"event_21512-1402272000_3" 3.61153311337323 -0.993842990514557 1.29075249264434 8.16466131442255 1 1.29075249264434 8.16466131442255 -4.57973520793002 412.165313338944 0.822429906542056 0.215909090909091
"event_21512-1402272000_4" 0.517287991888488 -0.258251230494914 -0.670137892587404 9.94701328783491 -1 3.60474305127355 11.9805126888867 -0.670137892587404 9.94701328783491 0.817757009345794 0.0457142857142857
"event_21512-1402272000_5" 0.362333832162511 0.0253801914076032 3.36051384446575 3.91800095139218 1 3.36051384446575 3.91800095139218 -0.453721310071977 4.18373802093396 0.817757009345794 0.0228571428571429
"event_21597-1402963200_0" 0.883475085643555 -0.836351819810769 5.27201324201169 10.5516047174743 1 5.27201324201169 10.5516047174743 -1.17456765184258 34.5115859823867 0.752336448598131 0.062111801242236
"event_21597-1402963200_1" 1.22949666755844 -0.88717945819063 2.80695457453577 27.7417496812737 1 2.80695457453577 27.7417496812737 -1.61356717472228 59.885943176496 0.775700934579439 0.108433734939759
"event_21597-1402963200_11" 0.685291643933572 -0.378305080110702 -0.89053334956139 17.9807615214365 -1 3.50575110937287 20.0120070966423 -0.89053334956139 17.9807615214365 0.799065420560748 0.0701754385964912
"event_21597-1402963200_13" 1.96963135556342 -1.10562563972044 0.994135236066571 32.025004188517 1 0.994135236066571 32.025004188517 -2.55732082067173 140.664287063316 0.799065420560748 0.16374269005848
"event_21597-1402963200_14" 1.38236433333995 -0.265534807056574 0.94528802515878 43.9913171838196 1 0.94528802515878 43.9913171838196 -1.75838923093612 65.0636055422573 0.799065420560748 0.140350877192982
"event_21597-1402963200_15" 1.02158242468925 -0.339662389285917 2.22336887949987 30.9378774380604 1 2.22336887949987 30.9378774380604 -1.31049648742866 37.2058245741329 0.794392523364486 0.117647058823529
"event_21597-1402963200_3" 1.12184014318565 -0.69541730291943 4.47297993528744 20.2369354326223 1 4.47297993528744 20.2369354326223 -1.46361119035062 46.7783433198181 0.775700934579439 0.0843373493975904
"event_21597-1402963200_5" 0.0109744518244925 0.0122960673500765 -0.0138347956112757 0.0220093209998868 -1 0.10034193331035 0.215383043010256 -0.0138347956112757 0.0220093209998868 0.789719626168224 0.0236686390532544
"event_21597-1402963200_7" 0.109534976760517 -0.254527732034904 1.23823200824839 2.01855940909425 1 1.23823200824839 2.01855940909425 -0.265262029356811 2.18179697118929 0.794392523364486 0.0235294117647059
"event_21597-1402963200_9" -0.0102755096456472 -0.0285119829841438 0.0835339555669457 0.0772919720551025 1 0.0835339555669457 0.0772919720551025 -0.145134394576925 0.180694770194781 0.794392523364486 0.0117647058823529
"event_21740-1403827200_0" 2.85181018332072 -0.278949846065081 2.506222725586 27.1664665346451 1 2.506222725586 27.1664665346451 -3.60688440760447 240.292497907911 0.850467289719626 0.131868131868132
"event_21801-1404172800_0" 2.83947634497373 -0.864102700760715 0.702449846597589 27.0293307420826 1 0.702449846597589 27.0293307420826 -3.6303380031445 251.376032658818 0.869158878504673 0.172043010752688
"event_21801-1404172800_1" 0.961146092132118 -0.828621498542719 4.62993230835895 27.3461548047778 1 4.62993230835895 27.3461548047778 -1.27165475997071 38.0447704673743 0.864485981308411 0.0756756756756757
"event_21801-1404172800_10" 0.951384804323426 -0.515154740998731 -1.23555694582824 33.1268874525425 -1 3.77370718082697 35.1090002862949 -1.23555694582824 33.1268874525425 0.85981308411215 0.0869565217391305
"event_21801-1404172800_12" -0.138519505817249 -0.0236599087361249 0.172396056023523 0.425106465625304 1 0.172396056023523 0.425106465625304 -0.673103371115426 9.54934031967291 0.85981308411215 0.0869565217391305
"event_21801-1404172800_14" -0.178604209550147 -0.15220025047118 0.213037826388278 0.546337038741438 1 0.213037826388278 0.546337038741438 -0.107284729319952 15.3930684778318 0.85981308411215 0.119565217391304
"event_21801-1404172800_16" -0.0442886008025225 -0.058577140472278 0.0555651540029317 0.107396948158952 1 0.0555651540029317 0.107396948158952 -0.401952574326998 1.93793709874977 0.864485981308411 0.0432432432432432
"event_21801-1404172800_18" 1.37275663929328 -0.607215429048974 0.408897751594505 58.8079928710313 1 0.408897751594505 58.8079928710313 -1.76985340498241 69.6319951151211 0.864485981308411 0.162162162162162
"event_21801-1404172800_19" 1.85164441434813 -0.839837314375992 7.8813203304128 22.7391822370668 1 7.8813203304128 22.7391822370668 -2.39234645364171 109.748335416198 0.864485981308411 0.0864864864864865
"event_21801-1404172800_2" 0.55875179672816 0.25948593628356 -0.682944979307825 10.8427511330992 -1 4.34152387026167 12.4389897460973 -0.682944979307825 10.8427511330992 0.864485981308411 0.0432432432432432
"event_21801-1404172800_21" 0.081280674896564 -0.23489296819767 -0.235701428300798 2.65676113159191 -1 0.899696383163837 3.71852017491477 -0.235701428300798 2.65676113159191 0.864485981308411 0.0432432432432432
"event_21801-1404172800_23" -0.0137946974739004 -0.0113602521069984 0.0166216468475699 0.0172257427870308 1 0.0166216468475699 0.0172257427870308 -0.127774184147622 0.282394858036278 0.869158878504673 0.021505376344086
"event_21801-1404172800_4" 4.55325810350532e-05 -0.101931014055363 0.199757753663009 0.65757878835386 1 0.199757753663009 0.65757878835386 -0.408563477768853 1.04687193433024 0.864485981308411 0.0216216216216216
"event_21801-1404172800_6" 0 0 2360.67981052625 0 1 2360.67981052625 0 -5278.64034354535 0 0.864485981308411 0
"event_21801-1404172800_8" -0.0120403755544627 -0.0304488412510686 0.0948090961192134 0.0787902927804303 1 0.0948090961192134 0.0787902927804303 -0.196953729314538 0.215544923892975 0.85981308411215 0.0108695652173914
"event_21930-1405382400_0" 4.78394557484758 -2.78455648007425 3.00532227843629 12.6998401226136 1 3.00532227843629 12.6998401226136 -6.12084337306587 738.157872389678 0.995327102803738 0.215962441314554
"event_21930-1405382400_1" 5.00867207402504 -2.48008039601698 3.05202996921107 16.0878669874246 1 3.05202996921107 16.0878669874246 -6.37863765604057 779.334006542646 0.995327102803738 0.215962441314554
"event_21930-1405382400_2" 1.664641313314 -1.31339300282528 0.903813510004371 5.70558774943231 1 0.903813510004371 5.70558774943231 -2.1931710126334 108.240657678048 0.775700934579439 0.108433734939759
"event_22037-1406592000_0" 3.69003667335273 -1.31876126985258 7.89977622095966 97.2158000696979 1 7.89977622095966 97.2158000696979 -4.70231812089056 429.052418605754 0.920560747663551 0.192893401015228
"event_22037-1406592000_1" 4.25592267001161 -1.03331036738649 0.986413608687508 87.7231707151619 1 0.986413608687508 87.7231707151619 -5.33300925468275 569.748911222806 0.892523364485981 0.261780104712042
"event_22037-1406592000_2" 3.71334973804926 -2.1290994073771 -0.409788915016172 113.36124646583 1 -0.409788915016172 113.36124646583 -4.72155439706081 496.157003486618 0.911214953271028 0.287179487179487
"event_22037-1406592000_3" 5.00542318085336 -1.32012563888738 1.16503412027678 27.8983569291894 1 1.16503412027678 27.8983569291894 -6.27556556656353 760.406124584653 0.925233644859813 0.262626262626263
"event_22037-1406592000_4" 2.41316006910039 -2.16141426558892 5.18069055465429 116.496341379413 1 5.18069055465429 116.496341379413 -3.19331039712474 244.592637972114 0.925233644859813 0.181818181818182
"event_22037-1406592000_5" 2.19318448067884 -1.87810488759756 6.45831990392095 91.9791162815465 1 6.45831990392095 91.9791162815465 -2.89823240625907 194.483463652458 0.925233644859813 0.151515151515151
"event_22182-1409270400_0" 3.56621101365707 -1.57998386070166 5.80959831882277 13.3886222730868 1 5.80959831882277 13.3886222730868 -4.5979912328025 397.954034156716 0.897196261682243 0.15625
"event_22182-1409270400_1" 3.59366129170268 -1.55170112775177 1.71781611802587 15.6800378073746 1 1.71781611802587 15.6800378073746 -4.62928262964794 404.676306019502 0.897196261682243 0.166666666666667
"event_22182-1409270400_2" 3.59796833286186 -1.63360429531674 5.31409771739285 9.45978228747069 1 5.31409771739285 9.45978228747069 -4.64190363476452 406.142261459035 0.897196261682243 0.15625
"event_22182-1409270400_3" 1.64858075094836 -0.751664956883002 7.29380068221852 7.53406683757393 1 7.29380068221852 7.53406683757393 -2.13028445694773 88.8032464992087 0.799065420560748 0.0701754385964912
"event_22242-1409788800_0" 0.0369334910963614 0.0696506999513797 -0.0610846415243415 0.196486682775982 -1 0.425039291574162 0.85535237048631 -0.0610846415243415 0.196486682775982 0.747663551401869 0.025
"event_22242-1409788800_1" 0 0 2360.67981052625 0 1 2360.67981052625 0 -5278.64034354535 0 0.752336448598131 0
"event_22242-1409788800_10" 0 0 2360.67981052625 0 1 2360.67981052625 0 -5278.64034354535 0 0.780373831775701 0
"event_22242-1409788800_11" 0 0 2360.67981052625 0 1 2360.67981052625 0 -5278.64034354535 0 0.780373831775701 0
"event_22242-1409788800_12" -0.0224277861846307 -0.00725121128036816 0.027669036399867 0.0029634433615967 1 0.027669036399867 0.0029634433615967 -0.207791424757931 0.239472756064753 0.780373831775701 0.0119760479041916
"event_22242-1409788800_13" -0.0224277861846307 -0.00725121128036816 0.027669036399867 0.0029634433615967 1 0.027669036399867 0.0029634433615967 -0.207791424757931 0.239472756064753 0.780373831775701 0.0119760479041916
"event_22242-1409788800_15" -0.0665892031743549 0.00199426338547168 0.0838902976293421 0.149048911575064 1 0.0838902976293421 0.149048911575064 -0.413159345495605 3.0167577228395 0.780373831775701 0.0598802395209581
"event_22242-1409788800_17" 0.0638054050151557 0.0879749706389806 -0.0856989584712998 0.332080061524317 -1 0.609001856007344 1.21558927878009 -0.0856989584712998 0.332080061524317 0.780373831775701 0.0239520958083832
"event_22242-1409788800_19" 0 0 2360.67981052625 0 1 2360.67981052625 0 -5278.64034354535 0 0.780373831775701 0
"event_22242-1409788800_2" 0 0 2360.67981052625 0 1 2360.67981052625 0 -5278.64034354535 0 0.771028037383178 0
"event_22242-1409788800_20" 2.29359498215096 -1.37587028865103 1.2891654966074 8.82298903511427 1 1.2891654966074 8.82298903511427 -2.98751195816645 188.357508863296 0.780373831775701 0.143712574850299
"event_22242-1409788800_21" -0.0160597289271006 0.00327451793466905 0.0204446422759194 0.0326612944901657 1 0.0204446422759194 0.0326612944901657 -0.135382754281295 0.465844653871188 0.780373831775701 0.0359281437125748
"event_22242-1409788800_23" 2.30904876531911 -1.36888235500333 1.15563808980125 8.14716750471713 1 1.15563808980125 8.14716750471713 -3.00682380460341 190.167778277847 0.780373831775701 0.143712574850299
"event_22242-1409788800_24" 3.15084983491187 -1.81823120506849 1.68168736937465 15.3147472007464 1 1.68168736937465 15.3147472007464 -4.09428092645977 341.762006308788 0.827102803738318 0.169491525423729
"event_22242-1409788800_25" 3.08860460331763 -1.81166723165054 0.0857799091307259 24.0436652611809 1 0.0857799091307259 24.0436652611809 -4.01191278431094 335.474938591446 0.822429906542056 0.193181818181818
"event_22242-1409788800_26" 3.10182898971184 -1.75459788941967 1.72654981916177 18.9100591090212 1 1.72654981916177 18.9100591090212 -4.0279385009335 332.027666684966 0.817757009345794 0.171428571428571
"event_22242-1409788800_27" 3.129714770874 -1.72980414749593 5.88300984743758 8.85158090141519 1 5.88300984743758 8.85158090141519 -4.06359517286974 331.670769579535 0.817757009345794 0.148571428571429
"event_22242-1409788800_29" 3.11786509097392 -1.76479278049618 0.734846892367982 21.6648320304171 1 0.734846892367982 21.6648320304171 -4.04850326683191 336.301606382803 0.822429906542056 0.181818181818182
"event_22242-1409788800_3" -0.0114726093237882 -0.0182030565933461 0.0218256676968736 0.0138035504682029 1 0.0218256676968736 0.0138035504682029 -0.131635887206495 0.152073934760149 0.775700934579439 0.0120481927710844
"event_22242-1409788800_30" 3.14770798586509 -1.67841798585681 8.43792962493214 0 1 8.43792962493214 0 -4.08479073352703 329.533690020089 0.822429906542056 0.136363636363636
"event_22242-1409788800_4" 0.0872613837984838 -0.161597419106132 -0.172719898968843 0.954523815614996 -1 0.958561314333055 1.79620838414391 -0.172719898968843 0.954523815614996 0.780373831775701 0.0239520958083832
"event_22242-1409788800_5" 0.0002076560558756 0.0676345451102777 0.228306285460244 0.249443376651316 1 0.228306285460244 0.249443376651316 -0.260596076146442 0.365759102204322 0.780373831775701 0.0119760479041916
"event_22242-1409788800_6" 0 0 2360.67981052625 0 1 2360.67981052625 0 -5278.64034354535 0 0.780373831775701 0
"event_22242-1409788800_8" 0 0 2360.67981052625 0 1 2360.67981052625 0 -5278.64034354535 0 0.780373831775701 0
"event_22242-1409788800_9" -0.00971659269356492 -0.0286984217051524 0.0577033409006962 0.0655822617109667 1 0.0577033409006962 0.0655822617109667 -0.150388341109403 0.195713420598271 0.780373831775701 0.0119760479041916
"event_22551-1412121600_1" 2.37522901943426 -1.38544679822667 1.93975962374153 7.54683065300032 1 1.93975962374153 7.54683065300032 -3.09174267262932 198.049372719504 0.799065420560748 0.140350877192982
"event_22551-1412121600_10" 4.60832345404994e-05 -0.0368181384038251 -0.0497611438336783 0.600511706329445 -1 0.0714008728909693 0.613252103195423 -0.0497611438336783 0.600511706329445 0.892523364485981 0.06282722513089
"event_22551-1412121600_12" 0.390849584639323 -0.274496090265692 -0.51237081464516 8.36424456392449 -1 2.81542641032369 23.9397000491682 -0.51237081464516 8.36424456392449 0.892523364485981 0.0837696335078534
"event_22551-1412121600_14" 0.25983625701903 0.132697079510785 2.634797418894 0.784281357942633 1 2.634797418894 0.784281357942633 -0.318781853728215 2.24860743966508 0.892523364485981 0.0104712041884817
"event_22551-1412121600_16" -0.0844802579937877 0.00398525184120941 0.106540369871571 0.00352571422931876 1 0.106540369871571 0.00352571422931876 -0.826766251613394 1.88614065112559 0.892523364485981 0.0209424083769634
"event_22551-1412121600_18" 0.0919852429300182 -0.00649396131788055 -0.116168857666198 0.832370271485019 -1 0.754543381952397 4.95226514569233 -0.116168857666198 0.832370271485019 0.892523364485981 0.06282722513089
"event_22551-1412121600_20" 0.152923017698885 0.0465963441130329 -0.188765985102283 1.79334483906586 -1 1.08460343428537 9.18656067259416 -0.188765985102283 1.79334483906586 0.897196261682243 0.0729166666666666
"event_22551-1412121600_22" 0.856065720722109 0.228554023347993 -1.05916943235754 25.8520302428366 -1 6.20025321130415 35.6601495021868 -1.05916943235754 25.8520302428366 0.897196261682243 0.0729166666666666
"event_22551-1412121600_3" 2.38788414110007 -1.56961140850627 4.64908655309676 0 1 4.64908655309676 0 -3.12215131538119 205.650141826406 0.799065420560748 0.128654970760234
"event_22551-1412121600_5" 1.15783523376476 -0.980106036443794 7.17102068169367 23.3525762989102 1 7.17102068169367 23.3525762989102 -1.53051206270019 55.5526370829021 0.799065420560748 0.0818713450292398
"event_22551-1412121600_8" 0.1745088836962 -0.349726317334588 -0.365999754410547 4.35342678561518 -1 1.90939014025292 4.885791078416 -0.365999754410547 4.35342678561518 0.799065420560748 0.0350877192982456
"event_22551-1412121600_9" 2.17494112438787 -0.948618374996503 7.25770483062512 118.707070188938 1 7.25770483062512 118.707070188938 -2.79618604198185 170.02222159151 0.88785046728972 0.178947368421053
"event_22692-1412726400_0" 0.0334301857304302 -0.0656533560085582 -0.0699579044413682 0.438571375820288 -1 0.344990836796459 1.16272637859806 -0.0699579044413682 0.438571375820288 0.808411214953271 0.0346820809248555
"event_22754-1413158400_0" 0.101695991653518 0.3580453469717 1.63378814982781 1.95750378677064 1 1.63378814982781 1.95750378677064 -0.926224511834528 4.27203525469284 0.855140186915888 0.0218579234972678
"event_22754-1413158400_2" 0.355857415902173 0.620097361074048 3.5359096069802 4.25821147506755 1 3.5359096069802 4.25821147506755 -0.590475970126815 10.8680828500883 0.855140186915888 0.0327868852459017
"event_22754-1413158400_4" 0.338435427776339 0.671478638899339 2.87306574510402 10.4454056695993 1 2.87306574510402 10.4454056695993 -0.589290274620996 13.1694709510526 0.855140186915888 0.0546448087431693
"event_22754-1413158400_5" 0.372930911521298 0.639596995939777 4.02585631025624 0 1 4.02585631025624 0 -1.0385483747988 11.0134205509779 0.85981308411215 0.0217391304347826
"event_22754-1413158400_6" 0.24661163864025 0.264491731697665 2.3944979076004 0.0399502615251843 1 2.3944979076004 0.0399502615251843 -0.309183084715084 2.70020759768099 0.85981308411215 0.0108695652173914
"event_22754-1413158400_7" 1.4762804264954 -1.00278434739608 7.33137449548906 42.7579039839501 1 7.33137449548906 42.7579039839501 -1.93269383689503 81.2630351263858 0.85981308411215 0.0978260869565217
"event_22889-1413849600_0" 0.915022797948814 0.463880858579335 3.78729638682717 5.67737261021099 1 3.78729638682717 5.67737261021099 -1.11551999520861 28.0929308696752 0.766355140186916 0.0487804878048781
"event_22889-1413849600_1" 0.768826251104101 -0.0336328623622026 0.664651616614809 7.52626804803448 1 0.664651616614809 7.52626804803448 -0.969387556712244 18.3515099437955 0.775700934579439 0.0602409638554217
"event_22889-1413849600_3" 0.201940235580841 0.340489769071475 2.40855141447875 0 1 2.40855141447875 0 -0.310619658706752 2.84738829858401 0.775700934579439 0.0120481927710844
"event_22889-1413849600_5" 0.713937476312653 0.150341656392624 5.23349568765046 0 1 5.23349568765046 0 -0.886381064319766 15.2267163174126 0.775700934579439 0.0240963855421686
"event_22889-1413849600_6" 0.927468618346275 0.467876848294805 3.24034645798699 5.54782779881943 1 3.24034645798699 5.54782779881943 -1.13089999240607 28.6559024293948 0.775700934579439 0.0481927710843374
"event_22968-1414108800_1" 3.25382031315714 -0.750857472187437 7.33137452106182 11.5190520486879 1 7.33137452106182 11.5190520486879 -4.14748444796024 301.681886124279 0.934579439252336 0.12
"event_22968-1414108800_3" 3.3881670437345 -0.753501705995508 0.819516786444798 17.23410415838 1 0.819516786444798 17.23410415838 -4.31067605979304 333.927085862601 0.934579439252336 0.16
"event_22968-1414108800_4" 3.22540267470478 -0.663463523407883 10.1230911548132 2.81894263680868 1 10.1230911548132 2.81894263680868 -4.106501599363 293.258192252371 0.934579439252336 0.11
"event_23006-1414368000_0" 0.366960905063659 0.0466502448825847 -0.457923584558345 5.11120132838628 -1 2.91452250690751 14.0295813909723 -0.457923584558345 5.11120132838628 0.855140186915888 0.0546448087431693
"event_23006-1414368000_1" 3.02127162610351 -0.229338270533769 6.92902859059689 19.0591633886475 1 6.92902859059689 19.0591633886475 -3.81680594973761 264.41573652937 0.864485981308411 0.118918918918919
"event_23006-1414368000_2" 0.799581306379822 0.00200541813079946 7.00063175324626 15.1348992081463 1 7.00063175324626 15.1348992081463 -1.00535493731971 19.5909730956159 0.864485981308411 0.0432432432432432
"event_23006-1414368000_3" 0.00792898081452004 0.0288814539210964 -0.0350218003558056 0.0520230051879783 -1 0.16544324627243 0.157945484452133 -0.0350218003558056 0.0520230051879783 0.864485981308411 0.0108108108108108
"event_23006-1414368000_4" -0.0164099569777022 0.0188156719220224 0.0232866622609882 0.0518875800665644 1 0.0232866622609882 0.0518875800665644 -0.166330814322328 0.556076465087022 0.864485981308411 0.0324324324324324
"event_23006-1414368000_5" 3.12636092945655 -0.406958493144256 -0.10235024929446 31.7982186653708 1 -0.10235024929446 31.7982186653708 -3.93176847537482 299.785606860273 0.864485981308411 0.205405405405405
"event_23006-1414368000_7" 0.574938502498328 -0.193016202319191 -0.737678171707453 13.7574005708319 -1 1.96303094985506 34.9720240881496 -0.737678171707453 13.7574005708319 0.855140186915888 0.0983606557377049
"event_23097-1414972800_0" 0.34692964704506 0.345124141019645 0.38974254127135 0.326468239167274 1 0.38974254127135 0.326468239167274 -0.415828727922838 5.45211643531579 0.766355140186916 0.0365853658536586
"event_23097-1414972800_1" 0.441801106002812 0.135617200272458 0.408563508778655 0 1 0.408563508778655 0 -0.545277081109163 6.2899629888891 0.780373831775701 0.0359281437125748
"event_23097-1414972800_3" 0.0252575238303642 -0.0759827038402316 0.2091982603504 0.210150424875336 1 0.2091982603504 0.210150424875336 -0.20517184288485 0.294313012200055 0.705607476635514 0.0132450331125827
"event_23097-1414972800_4" -0.0188920169188154 -0.0066232928881108 0.0233014009641724 0.000990174020300369 1 0.0233014009641724 0.000990174020300369 -0.174739647181725 0.202928594601625 0.705607476635514 0.0132450331125827
"event_23097-1414972800_5" 0.240604741502585 -0.0307550760772998 2.16502837055097 0.811133219891745 1 2.16502837055097 0.811133219891745 -0.305372526706502 1.85229616953249 0.705607476635514 0.0132450331125827
"event_23097-1414972800_6" 1.12738172178874 -0.295320988698379 1.75399656039421 2.83983861075272 1 1.75399656039421 2.83983861075272 -1.44017378736152 41.3283265942644 0.710280373831776 0.0657894736842105
"event_23281-1416268800_0" 3.09265061470441 -0.217400819932141 0.823091236766257 27.7138718624754 1 0.823091236766257 27.7138718624754 -3.89960169367913 299.320874365145 0.789719626168224 0.189349112426035
"event_23281-1416268800_1" 3.09781290731388 -0.209624181419907 0.778991462774541 27.4333095619651 1 0.778991462774541 27.4333095619651 -3.90548643964505 300.205055451638 0.789719626168224 0.189349112426035
"event_23281-1416268800_11" 0.178823657890595 0.308102556840218 -0.241066875884253 3.67070088349934 -1 1.33818684621667 10.0755433241454 -0.241066875884253 3.67070088349934 0.775700934579439 0.072289156626506
"event_23281-1416268800_13" 0.370201501976145 0.172419750748759 -0.452465349132786 5.46952928120929 -1 2.98903627117982 10.3016822203495 -0.452465349132786 5.46952928120929 0.775700934579439 0.0481927710843374
"event_23281-1416268800_14" 0.211466798822647 0.324184322252967 -0.265880675417223 4.8372870148371 -1 0.22772087540448 13.3580874146108 -0.265880675417223 4.8372870148371 0.771028037383178 0.121212121212121
"event_23281-1416268800_2" 2.66135454650059 -0.437089997325668 0.571451819901976 30.1045384423979 1 0.571451819901976 30.1045384423979 -3.37492557353041 227.2953157177 0.785046728971963 0.19047619047619
"event_23281-1416268800_3" 2.69436049498073 -0.386273259210985 0.647951757511306 26.7122434849424 1 0.647951757511306 26.7122434849424 -3.41292450777741 230.178132460298 0.785046728971963 0.178571428571429
"event_23281-1416268800_4" 2.70607373657092 -0.354066511017453 0.763095252587639 24.0879170267298 1 0.763095252587639 24.0879170267298 -3.42608198122502 229.952946570522 0.785046728971963 0.166666666666667
"event_23281-1416268800_5" 0.287360590167048 0.496491256233859 -0.399747672841236 7.70405554222538 -1 2.75340634232597 11.8024591942914 -0.399747672841236 7.70405554222538 0.785046728971963 0.0595238095238095
"event_23281-1416268800_6" 2.69570902733402 -0.455798542333575 0.0257524302425572 22.8053868898257 1 0.0257524302425572 22.8053868898257 -3.41898729379514 233.121683411342 0.775700934579439 0.192771084337349
"event_23281-1416268800_7" 2.78185639417387 -0.374666027711387 0.00681606811542253 18.6957602747284 1 0.00681606811542253 18.6957602747284 -3.52101051400722 245.510537381658 0.780373831775701 0.191616766467066
"event_23281-1416268800_9" 0.594039065995241 0.241617969364707 -0.72866699557506 14.5132553129009 -1 2.81560321109619 30.4750872576298 -0.72866699557506 14.5132553129009 0.780373831775701 0.0958083832335329
"event_23546-1417651200_0" 0.702773598528698 -0.025947003820067 3.48323391397425 13.2152675756834 1 3.48323391397425 13.2152675756834 -0.885739451176151 16.4929469388036 0.742990654205608 0.0628930817610063
"event_23546-1417651200_1" 0.702773598528698 -0.025947003820067 3.48323391397425 13.2152675756834 1 3.48323391397425 13.2152675756834 -0.885739451176151 16.4929469388036 0.742990654205608 0.0628930817610063
"event_23546-1417651200_10" 0.3311845888082 0.0909799720545195 2.81287767414572 3.41184456649347 1 2.81287767414572 3.41184456649347 -0.409564435894557 3.694879956354 0.752336448598131 0.0248447204968945
"event_23546-1417651200_12" 1.62133662912565 -0.236152256407318 3.41628626462603 5.74333260474767 1 3.41628626462603 5.74333260474767 -2.05684631527204 83.17841454815 0.747663551401869 0.1
"event_23546-1417651200_13" 0.578349622878916 -0.348791972698959 2.03586207684646 10.841418665402 1 2.03586207684646 10.841418665402 -0.753806326955843 13.0865510133447 0.742990654205608 0.0628930817610063
"event_23546-1417651200_15" 0.937665975804113 -0.37817605590157 2.39847111285295 15.8929498285356 1 2.39847111285295 15.8929498285356 -1.20789495180221 31.1917082796713 0.742990654205608 0.0880503144654088
"event_23546-1417651200_3" 1.73691549894011 0.117217806507528 1.73867925668521 12.3318462745242 1 1.73867925668521 12.3318462745242 -2.17533651116854 96.1764923923169 0.747663551401869 0.125
"event_23546-1417651200_5" 0.236333271412815 0.240607144934084 2.50786681830133 0.310917835083302 1 2.50786681830133 0.310917835083302 -0.293952286229544 2.54319950133782 0.747663551401869 0.0125
"event_23546-1417651200_6" 0.534862635914708 0.41566172472397 -0.641234497095287 12.670121189669 -1 1.82095724215261 18.8428994925698 -0.641234497095287 12.670121189669 0.752336448598131 0.0745341614906833
"event_23546-1417651200_8" 1.71055354176471 -0.140852096539571 2.78660116717813 7.74936627313962 1 2.78660116717813 7.74936627313962 -2.16179781884783 92.2284690859754 0.752336448598131 0.111801242236025
"event_23691-1418601600_0" 1.17155940643178 0.080770652506921 -0.308824499690981 20.2068729102705 1 -0.308824499690981 20.2068729102705 -1.44924798753411 52.8114262738839 0.742990654205608 0.276729559748428
"event_23691-1418601600_1" 1.39402766158498 0.231745353206643 0.119315515111737 18.6024518329866 1 0.119315515111737 18.6024518329866 -1.73535826255545 63.8651351102579 0.785046728971963 0.142857142857143
"event_23691-1418601600_2" 1.09295832682143 0.181547523911425 0.166551208001996 13.8468280415572 1 0.166551208001996 13.8468280415572 -1.36064426654004 38.9305222046645 0.780373831775701 0.107784431137725
"event_23691-1418601600_4" 1.20947698026694 0.265372053532567 0.241156292938143 10.6540895592691 1 0.241156292938143 10.6540895592691 -1.50080096653411 46.5767725595334 0.785046728971963 0.0952380952380952
"event_23691-1418601600_5" 1.11147362509463 0.125272198093082 1.38500642635454 8.89190080846638 1 1.38500642635454 8.89190080846638 -1.38820480674274 37.5252093625592 0.780373831775701 0.0598802395209581
"event_23691-1418601600_7" 0.978259978504411 0.0425581936761737 0.693353738009159 7.45430518522878 1 0.693353738009159 7.45430518522878 -1.22696903938994 29.2800057586042 0.775700934579439 0.0602409638554217
"event_23691-1418601600_8" 1.44898770707852 -0.00458304728251092 0.029961931266269 14.6050657823768 1 0.029961931266269 14.6050657823768 -1.82225200413543 67.9529051448832 0.775700934579439 0.144578313253012
"event_23811-1419202800_11" 1.3604439550478 -0.170832189724742 0.307007323370879 4.47046674536776 1 0.307007323370879 4.47046674536776 -1.72379861585814 59.5825797793446 0.700934579439252 0.0933333333333334
"event_23811-1419202800_12" -0.00568088921320608 -0.0132971745053174 0.0110213110109858 0.0148096644395476 1 0.0110213110109858 0.0148096644395476 -0.0561495338157783 0.142279394147838 0.696261682242991 0.0268456375838926
"event_23811-1419202800_2" 1.61675584484027 0.00987418475496778 4.22070400401374 9.44702321199183 1 4.22070400401374 9.44702321199183 -2.03238850474018 79.8101783008068 0.747663551401869 0.075
"event_23811-1419202800_3" 1.62981998162048 0.00218555846799784 4.5575510371836 8.68095862156677 1 4.5575510371836 8.68095862156677 -2.0494015163935 81.2595292513443 0.742990654205608 0.0754716981132075
"event_23811-1419202800_4" 1.38762670371874 -0.067273398326613 0.318661634152757 10.8946711181956 1 0.318661634152757 10.8946711181956 -1.7501118889528 60.7183235794817 0.728971962616822 0.0897435897435898
"event_23811-1419202800_5" 1.45655195629406 -0.0277173530088783 0.444741613553565 8.89051342680291 1 0.444741613553565 8.89051342680291 -1.83378216030419 66.5108836303767 0.728971962616822 0.0897435897435898
"event_23811-1419202800_6" 1.36131679552753 -0.109620709541915 3.30109010423339 6.72463948948243 1 3.30109010423339 6.72463948948243 -1.72024435161083 57.336897466857 0.724299065420561 0.0645161290322581
"event_23811-1419202800_7" 1.66865099146878 0.234468740682768 -0.127823048413722 7.25026987476409 1 -0.127823048413722 7.25026987476409 -2.0804725518328 91.7121882185224 0.719626168224299 0.155844155844156
"event_23811-1419202800_8" 1.55896594860216 0.227267723088653 0.952635243282418 3.54598800983838 1 0.952635243282418 3.54598800983838 -1.94319397872297 75.7942604592112 0.724299065420561 0.0774193548387097
"event_23811-1419202800_9" 1.35395788020692 -0.110512367352322 0.275466313886907 5.16634061119467 1 0.275466313886907 5.16634061119467 -1.71105797757687 58.6329781756835 0.705607476635514 0.0927152317880795
"event_23906-1419548400_0" 0.269836481555293 0.0593294434885009 -0.334821927340747 3.73569058594951 -1 1.488225815422 14.0357190061854 -0.334821927340747 3.73569058594951 0.88785046728972 0.0736842105263158
"event_23906-1419548400_1" 3.93794947580817 -2.3342296160849 2.45459616388552 13.1447188154735 1 2.45459616388552 13.1447188154735 -5.07036975648366 530.461240387629 0.897196261682243 0.21875
"event_23906-1419548400_2" 3.65173205963608 -2.08903257842972 3.28085234756729 1.27970087650405 1 3.28085234756729 1.27970087650405 -4.71808970477735 446.497217489186 0.897196261682243 0.1875
"event_23906-1419548400_3" 3.73666481766139 -2.68999496240916 2.57632077285389 12.166598798371 1 2.57632077285389 12.166598798371 -4.86035987493674 506.332353768631 0.897196261682243 0.208333333333333
"event_23906-1419548400_5" -0.0093062553534197 -0.0824602033710304 -0.14358399458762 0.455072444773373 -1 0.289043829417148 0.604025382335798 -0.14358399458762 0.455072444773373 0.906542056074766 0.020618556701031
