"sk_2012.2014_wpca.Xe.values"
157555.745063727
7610.09214016689
6353.94843076586
3502.94834947818
3048.90053605844
1918.31980892642
1727.69650025576
1430.64571385549
1245.26961618507
1173.63189921776
1117.85246901647
1005.99113990251
959.693513229656
921.668369798617
905.284045341609
863.252323972063
849.746797012065
831.95721655972
814.359985586666
794.305231103318
770.38815192186
754.62828968219
736.620629395659
719.064340722291
692.439246993063
681.148436306642
663.205130983715
656.879962658754
647.11662021737
635.570159055702
619.121525032274
610.680623802274
592.56170766232
574.755020132629
551.412614414792
546.774147464074
527.331233583994
517.733012412254
499.0158159675
488.002525731839
476.96898484293
450.296079161837
446.391587475939
437.376329750369
418.272446102116
411.481448155898
409.905630470869
398.708548345148
390.493883451077
375.717100693585
353.570360802437
348.088210609074
336.569972050673
328.357416333201
317.870925680569
311.404538679848
295.043233676251
286.380774059857
275.227105719386
267.482230819704
259.719184638116
249.463598087703
243.196770906609
229.576303079959
224.795333084514
207.515610654416
201.73755351663
193.891203326053
190.334025513854
185.99058211513
178.466265887177
173.101278563996
169.089261589443
165.327321892537
159.518148272597
155.040449752053
148.939365742676
145.970766252418
142.494372339993
136.385127340574
131.674203432363
127.648008466544
121.589686835791
120.353246082051
117.670094835548
114.641675080638
113.742046267192
111.33803413631
106.077006091886
104.739974172093
96.3662359066802
95.453066783353
91.8551426477901
89.919410141442
87.3006894984769
84.9100360159718
83.8121326986802
80.3630923037739
79.5374655322056
76.2692348158227
74.7847573062633
73.7170080532624
71.8755042608717
69.3609114700555
68.7262650456447
67.4494551252849
66.3176386524803
64.767764504806
62.950933921239
61.9975865361485
61.3182168294344
58.8764700978497
56.0872104425192
55.3767607530034
54.6694064372751
51.4026488495184
50.7417154775965
50.3851074574272
49.4055447923728
47.9864319948285
47.6574186828007
45.8590093530619
45.0192739829555
42.5362259554686
42.0340996390845
40.180320307039
39.6973032106964
39.0910029015878
38.4203394546574
38.2259676996314
37.6009836380215
36.888818950645
35.9968792596594
35.0274239653524
34.0521763174398
32.9047773644615
31.4228192014926
30.730100450484
29.9647134461333
29.5998113548939
26.9683259790272
26.1334716672922
25.0942112015092
24.041906014296
23.2072737707974
22.7234594897245
19.5234975424634
17.433414837873
16.6925110504193
15.7601256953957
15.0783905861128
14.0149948653958
13.3324442085118
10.9490484301679
10.6225761198401
10.5180542952518
1.45807031396827
2.19881138511386e-10
