"sk_2010.2012_wpca.Xe.values"
185452.974504052
2311.87761157456
2097.81114939557
1617.73104794191
1007.29426755506
917.345026446134
896.822973932002
761.289947632344
643.543282218845
583.572008913133
538.203362874224
520.694376950885
478.443839060157
444.350192875883
420.03278514
396.606161689608
394.551114163691
350.489956437191
338.852779638156
313.744070948416
307.665460262785
300.815908008858
296.945935717312
291.558681557496
273.444818903025
269.213412933257
267.167845965459
253.761579723773
243.980427919405
240.891476134035
238.446755684707
232.037010712498
226.249786721766
224.451775863093
220.29254043537
214.277188549504
208.761658394736
207.774787948566
205.617960111701
197.559408749477
192.303117613501
190.654428125628
184.358328735069
180.33986547311
177.32550765961
173.558180210357
171.831064062328
166.805074576069
165.145674294533
160.210980456712
158.438766842895
155.972161489933
155.067087621824
151.428638998401
147.979042443642
143.403815206431
140.301942623486
140.132092388708
135.622912888965
133.450394771714
132.086172880219
129.592487197283
126.48640340103
124.949426007977
123.160555768914
120.007567603552
117.133819312652
116.680542910292
115.809353630664
111.222857809726
110.837228668002
109.596798533229
106.250833967377
105.638281023455
103.188906900615
101.18993756996
99.7348691483621
98.0563449112697
96.7666449142284
95.963030589602
93.7047435007438
92.4897338969923
91.4590171568979
89.8919862951587
88.2594518513521
85.8463936658114
85.0530968841224
83.8425604982882
83.0699841993937
81.312039715075
80.5420324514742
79.9541216480357
78.3788150112587
78.1198437428673
76.3964132515391
75.8095001050251
73.7209796983
73.2584452338631
71.6729384997271
71.0095198950603
69.6503652693255
67.8847139366548
67.2590189348423
66.034066893445
64.6552388184628
63.143195218395
62.0236149114095
60.8853948486436
59.4352058255524
59.1276973352105
57.3987601161913
56.4755185183713
54.9805163458429
53.4607211953333
51.9640790331025
51.7324825079543
50.0313045780155
49.6536158245106
48.9582348264117
47.2275129714341
45.0222387352628
44.8055017669375
44.7069582818154
43.5640347696224
42.2653465659727
40.8504947654121
40.4400418751539
40.1333758476163
38.8056820519359
38.1792489047268
37.2655426139982
36.0988292517145
35.9189439357979
33.9328028904145
33.4326264857444
32.7262800337296
30.8678724561873
29.9231380484026
28.72419151437
27.8112297097838
26.5170094487633
24.3752540904375
23.6047027830106
22.8240379225236
21.4059479548705
19.9294827845627
19.283525308636
18.9188543315234
18.5501671400799
16.726079229785
12.7651208680721
12.5127176088662
10.9366447375343
-1.57583217933632e-10
